0 0.118273 2.162419 0.938577 1.112088 0.156575 -2.088886 
1 0.118273 2.162419 0.938577 1.112088 0.156575 -2.088886 
2 0.118273 2.162419 0.938577 1.112088 0.156575 -2.088886 
3 0.118273 2.162419 0.938577 1.112088 0.156575 -2.088886 
4 0.118273 2.162419 0.938577 1.112088 0.156575 -2.088886 
5 0.118273 2.162419 0.938577 1.112088 0.156575 -2.088886 
6 0.118273 2.162419 0.938577 1.112088 0.156575 -2.088886 
7 0.118273 2.162419 0.938577 1.112088 0.156575 -2.088886 
8 0.118273 2.162419 0.938577 1.112088 0.156575 -2.088886 
9 0.118273 2.162419 0.938577 1.112088 0.156575 -2.088886 
10 0.118641 2.162419 0.938577 1.112088 0.156575 -2.088886 
11 0.148339 2.162353 0.938577 1.112088 0.156575 -2.088886 
12 0.211417 2.162353 0.938577 1.112088 0.156575 -2.088886 
13 0.267744 2.162353 0.938577 1.112088 0.156575 -2.088886 
14 0.315605 2.162353 0.938577 1.112088 0.156575 -2.088886 
15 0.364201 2.162353 0.938577 1.112088 0.156575 -2.088886 
16 0.416356 2.162353 0.938577 1.112088 0.156575 -2.088886 
17 0.467653 2.162353 0.938577 1.112088 0.156575 -2.088886 
18 0.519440 2.162353 0.938577 1.112088 0.156575 -2.088886 
19 0.575031 2.162353 0.938577 1.112088 0.156575 -2.088886 
20 0.629764 2.162353 0.938577 1.112088 0.156575 -2.088886 
21 0.686951 2.162353 0.938577 1.112088 0.156575 -2.088886 
22 0.747574 2.162353 0.938577 1.112088 0.156575 -2.088886 
23 0.808810 2.162353 0.938577 1.112088 0.156575 -2.088886 
24 0.870660 2.162353 0.938577 1.112088 0.156575 -2.088886 
25 0.930792 2.162353 0.938577 1.112088 0.156575 -2.088886 
26 0.992397 2.162353 0.938577 1.112088 0.156575 -2.088886 
27 1.055842 2.162353 0.938577 1.112088 0.156575 -2.088886 
28 1.118306 2.162353 0.938577 1.112088 0.156575 -2.088886 
29 1.180279 2.162353 0.938577 1.112088 0.156575 -2.088886 
30 1.241761 2.162353 0.938577 1.112088 0.156575 -2.088886 
31 1.302629 2.162353 0.938577 1.112088 0.156575 -2.088886 
32 1.361411 2.162353 0.938577 1.112088 0.156575 -2.088886 
33 1.417862 2.162353 0.938577 1.112088 0.156575 -2.088886 
34 1.467317 2.162353 0.938577 1.112088 0.156575 -2.088886 
35 1.513828 2.162353 0.938577 1.112088 0.156575 -2.088886 
36 1.554448 2.162353 0.938577 1.112088 0.156575 -2.088886 
37 1.589545 2.162353 0.938577 1.112088 0.156575 -2.088886 
38 1.604148 2.162353 0.938577 1.112088 0.156575 -2.088886 
39 1.604394 2.162353 0.938577 1.112088 0.156575 -2.088886 
40 1.604394 2.162353 0.938577 1.112088 0.156575 -2.088886 
41 1.604394 2.162353 0.938577 1.112088 0.156575 -2.088886 
42 1.606357 2.162353 0.938577 1.112457 0.156575 -2.088886 
43 1.609057 2.162287 0.938577 1.140436 0.156575 -2.088886 
44 1.609057 2.156134 0.938577 1.191610 0.156575 -2.088886 
45 1.609180 2.133377 0.942678 1.224498 0.156575 -2.088886 
46 1.618261 2.089119 0.960143 1.260332 0.156575 -2.088886 
47 1.636423 2.042148 0.987664 1.333595 0.156575 -2.088886 
48 1.640105 1.991936 1.013332 1.422934 0.156575 -2.088886 
49 1.640841 1.931536 1.037016 1.509451 0.156575 -2.088886 
50 1.643909 1.865381 1.062817 1.589586 0.156575 -2.088886 
51 1.650413 1.797505 1.094704 1.687024 0.156575 -2.088886 
52 1.654340 1.725197 1.131089 1.782131 0.156575 -2.088886 
53 1.654831 1.644157 1.165225 1.853308 0.156452 -2.088886 
54 1.650413 1.556765 1.190232 1.926939 0.156207 -2.088886 
55 1.648082 1.459980 1.216033 1.977376 0.155471 -2.088886 
56 1.645505 1.359953 1.255462 2.016523 0.155348 -2.088886 
57 1.637896 1.258867 1.305210 2.057143 0.155348 -2.088886 
58 1.636178 1.158311 1.363692 2.103163 0.155348 -2.088886 
59 1.637773 1.053454 1.428789 2.155809 0.155348 -2.088886 
60 1.639123 0.952898 1.505529 2.209928 0.155348 -2.088886 
61 1.639001 0.866102 1.596559 2.257665 0.155348 -2.088886 
62 1.639001 0.781291 1.679254 2.314116 0.155348 -2.088886 
63 1.639369 0.697075 1.754142 2.357067 0.155348 -2.088886 
64 1.639123 0.616034 1.825325 2.376702 0.155348 -2.088886 
65 1.638755 0.545115 1.888305 2.384065 0.155348 -2.088886 
66 1.638387 0.487428 1.928131 2.387501 0.155348 -2.088886 
67 1.638510 0.448661 1.944670 2.387747 0.155348 -2.088886 
68 1.638632 0.438274 1.947184 2.384556 0.155348 -2.088886 
69 1.638632 0.438274 1.947184 2.365657 0.155348 -2.088886 
70 1.638755 0.438737 1.947051 2.333505 0.155348 -2.088886 
71 1.638387 0.463347 1.939509 2.335714 0.155348 -2.088886 
72 1.636914 0.542205 1.901272 2.345286 0.155348 -2.088886 
73 1.631637 0.647127 1.844378 2.329087 0.155348 -2.088886 
74 1.625133 0.748014 1.785764 2.264169 0.155348 -2.088886 
75 1.619611 0.838714 1.728870 2.175935 0.155348 -2.088886 
76 1.623293 0.913337 1.675284 2.075551 0.155348 -2.088886 
77 1.627220 0.974862 1.622095 2.002902 0.155348 -2.088886 
78 1.625624 1.029705 1.570229 1.944979 0.155348 -2.088886 
79 1.620961 1.089774 1.519290 1.890492 0.155348 -2.088886 
80 1.615561 1.154805 1.470335 1.843613 0.155348 -2.088886 
81 1.614089 1.219637 1.430906 1.793421 0.155348 -2.088886 
82 1.610898 1.285263 1.400342 1.730467 0.155348 -2.088886 
83 1.606848 1.347780 1.376129 1.658922 0.155348 -2.088886 
84 1.606971 1.412480 1.354695 1.581364 0.155348 -2.088886 
85 1.607339 1.476387 1.331805 1.499388 0.155348 -2.088886 
86 1.607339 1.538903 1.300712 1.422566 0.155348 -2.088886 
87 1.607339 1.606514 1.263136 1.361084 0.155348 -2.088886 
88 1.607216 1.671876 1.225427 1.308192 0.155348 -2.088886 
89 1.607216 1.731614 1.195392 1.241434 0.155348 -2.088886 
90 1.607216 1.786854 1.173826 1.179952 0.155348 -2.088886 
91 1.607339 1.842226 1.153185 1.128778 0.155348 -2.088886 
92 1.607339 1.897466 1.129105 1.112825 0.155348 -2.088886 
93 1.607339 1.952905 1.104495 1.112825 0.155348 -2.088886 
94 1.607339 2.001595 1.074460 1.112825 0.155348 -2.088886 
95 1.607339 2.045721 1.045087 1.112702 0.155348 -2.088886 
96 1.607339 2.087994 1.013862 1.112457 0.155348 -2.088886 
97 1.607339 2.118624 0.981049 1.112334 0.155348 -2.088886 
98 1.607094 2.143036 0.950088 1.112334 0.155348 -2.088886 
99 1.602921 2.157656 0.936592 1.112334 0.155348 -2.088886 
100 1.592122 2.162155 0.936592 1.112334 0.155348 -2.088886 
101 1.548680 2.162155 0.936592 1.112334 0.155348 -2.088886 
102 1.450628 2.162155 0.936592 1.112334 0.155348 -2.088886 
103 1.351962 2.162155 0.936592 1.112334 0.155348 -2.088886 
104 1.247897 2.162155 0.936592 1.112334 0.155348 -2.088886 
105 1.144813 2.162155 0.936592 1.112334 0.155348 -2.088886 
106 1.047129 2.162155 0.936592 1.112334 0.155348 -2.088886 
107 0.945273 2.162155 0.936592 1.112334 0.155348 -2.088886 
108 0.847835 2.162155 0.936592 1.112334 0.155348 -2.088886 
109 0.759845 2.162155 0.936592 1.112334 0.155348 -2.088886 
110 0.668911 2.162155 0.936592 1.112334 0.155348 -2.088886 
111 0.575277 2.162155 0.936592 1.112334 0.155348 -2.088886 
112 0.486429 2.162155 0.936592 1.112334 0.155348 -2.088886 
113 0.405189 2.162155 0.936592 1.112334 0.155348 -2.088886 
114 0.333399 2.162155 0.936592 1.112334 0.155348 -2.088886 
115 0.265413 2.162155 0.936592 1.112334 0.155348 -2.088886 
116 0.199268 2.162155 0.936592 1.112334 0.155348 -2.088886 
117 0.137417 2.162155 0.936592 1.112334 0.155348 -2.088886 
118 0.116923 2.162155 0.936592 1.112334 0.155348 -2.088886 
119 0.117660 2.162155 0.936592 1.112334 0.155348 -2.088886 
120 0.118028 2.162155 0.936592 1.112334 0.155348 -2.088886 
121 0.118151 2.162155 0.936592 1.112334 0.155348 -2.088886 
122 0.118273 2.162155 0.936592 1.112334 0.155348 -2.088886 
123 0.118273 2.162155 0.936592 1.112334 0.155348 -2.088886 
124 0.118273 2.162155 0.936592 1.112334 0.155348 -2.088886 
