0 0.118396 2.162155 0.936592 1.112334 0.155348 -2.088886 
1 0.118396 2.162155 0.936592 1.112334 0.155348 -2.088886 
2 0.118396 2.162155 0.936592 1.112334 0.155348 -2.088886 
3 0.118396 2.162155 0.936592 1.112334 0.155348 -2.088886 
4 0.118396 2.162155 0.936592 1.112334 0.155348 -2.088886 
5 0.118396 2.162155 0.936592 1.112334 0.155348 -2.088886 
6 0.118396 2.162155 0.936592 1.112334 0.155348 -2.088886 
7 0.118396 2.162155 0.936592 1.112334 0.155348 -2.088886 
8 0.118396 2.162155 0.936592 1.112334 0.155348 -2.088886 
9 0.118396 2.162155 0.936592 1.112334 0.155348 -2.088886 
10 0.118396 2.162155 0.936592 1.112334 0.155348 -2.088886 
11 0.118396 2.162155 0.936592 1.112334 0.155348 -2.088886 
12 0.122078 2.162155 0.936592 1.112334 0.155348 -2.088886 
13 0.148339 2.162155 0.936592 1.112334 0.155348 -2.088886 
14 0.188836 2.162155 0.936592 1.112334 0.155348 -2.088886 
15 0.236083 2.162155 0.936592 1.112334 0.155348 -2.088886 
16 0.290079 2.162155 0.936592 1.112334 0.155348 -2.088886 
17 0.340271 2.162155 0.936592 1.112334 0.155348 -2.088886 
18 0.391690 2.162155 0.936592 1.112334 0.155348 -2.088886 
19 0.444704 2.162155 0.936592 1.112334 0.155348 -2.088886 
20 0.503977 2.162155 0.936592 1.112334 0.155348 -2.088886 
21 0.569264 2.162155 0.936592 1.112334 0.155348 -2.088886 
22 0.632832 2.162155 0.936592 1.112334 0.155348 -2.088886 
23 0.693700 2.162155 0.936592 1.112334 0.155348 -2.088886 
24 0.755796 2.162155 0.936592 1.112334 0.155348 -2.088886 
25 0.818750 2.162155 0.936592 1.112334 0.155348 -2.088886 
26 0.884159 2.162155 0.936592 1.112334 0.155348 -2.088886 
27 0.950059 2.162155 0.936592 1.112334 0.155348 -2.088886 
28 1.014364 2.162155 0.936592 1.112334 0.155348 -2.088886 
29 1.077809 2.162155 0.936592 1.112334 0.155348 -2.088886 
30 1.144813 2.162155 0.936592 1.112334 0.155348 -2.088886 
31 1.207645 2.162155 0.936592 1.112334 0.155348 -2.088886 
32 1.258082 2.162155 0.936592 1.112334 0.155348 -2.088886 
33 1.304225 2.162155 0.936592 1.112334 0.155348 -2.088886 
34 1.352944 2.162155 0.936592 1.112334 0.155348 -2.088886 
35 1.399577 2.162155 0.936592 1.112334 0.155348 -2.088886 
36 1.444001 2.162155 0.936592 1.112334 0.155348 -2.088886 
37 1.484498 2.162155 0.936592 1.112334 0.155348 -2.088886 
38 1.521191 2.162155 0.936592 1.112334 0.155348 -2.088886 
39 1.557025 2.162155 0.936592 1.112334 0.155348 -2.088886 
40 1.592245 2.162155 0.936592 1.112334 0.155348 -2.088886 
41 1.617770 2.162155 0.936592 1.112334 0.155348 -2.088886 
42 1.630042 2.162155 0.936592 1.112334 0.155348 -2.088886 
43 1.630042 2.162155 0.936592 1.112334 0.155348 -2.088886 
44 1.630533 2.162155 0.936592 1.112334 0.155348 -2.088886 
45 1.637896 2.162088 0.936592 1.112825 0.155348 -2.088886 
46 1.638141 2.156531 0.937386 1.132091 0.155348 -2.088886 
47 1.638141 2.137412 0.947309 1.163753 0.155348 -2.088886 
48 1.638141 2.107179 0.991501 1.201427 0.155348 -2.088886 
49 1.638264 2.068544 1.047204 1.269168 0.155348 -2.088886 
50 1.639860 2.023956 1.078562 1.330895 0.155348 -2.088886 
51 1.639860 1.970700 1.094968 1.364152 0.155348 -2.088886 
52 1.640473 1.905670 1.110581 1.379001 0.155348 -2.088886 
53 1.645259 1.839051 1.135985 1.391641 0.155348 -2.088886 
54 1.651395 1.774880 1.163770 1.429561 0.155348 -2.088886 
55 1.656304 1.715539 1.188644 1.489202 0.155348 -2.088886 
56 1.660599 1.662482 1.211137 1.565656 0.155348 -2.088886 
57 1.664526 1.610881 1.228735 1.634992 0.155348 -2.088886 
58 1.673239 1.555045 1.247788 1.683097 0.154857 -2.088886 
59 1.677166 1.495969 1.271339 1.746543 0.153384 -2.088886 
60 1.676184 1.433584 1.298198 1.819069 0.152403 -2.088886 
61 1.671153 1.368685 1.320294 1.877852 0.151421 -2.088886 
62 1.669557 1.302927 1.340141 1.927553 0.150685 -2.088886 
63 1.669067 1.231016 1.371366 1.969522 0.150439 -2.088886 
64 1.667717 1.151232 1.414764 1.996766 0.150316 -2.088886 
65 1.665508 1.066685 1.463058 2.021432 0.150316 -2.088886 
66 1.661213 0.982271 1.507514 2.048430 0.150316 -2.088886 
67 1.656672 0.897327 1.548266 2.084264 0.150316 -2.088886 
68 1.656549 0.820124 1.594442 2.124638 0.150316 -2.088886 
69 1.656549 0.755622 1.650675 2.178266 0.150316 -2.088886 
70 1.656427 0.699986 1.706642 2.241835 0.150316 -2.088886 
71 1.655813 0.647590 1.748849 2.291167 0.150316 -2.088886 
72 1.655690 0.596188 1.784044 2.303316 0.150316 -2.088886 
73 1.655445 0.551731 1.809977 2.314852 0.150316 -2.088886 
74 1.655813 0.517992 1.827971 2.322706 0.150316 -2.088886 
75 1.655936 0.503570 1.829427 2.325406 0.150316 -2.088886 
76 1.655445 0.500857 1.829427 2.327615 0.150439 -2.088886 
77 1.653849 0.500659 1.829294 2.324669 0.150439 -2.088886 
78 1.652622 0.502114 1.827839 2.302457 0.150439 -2.088886 
79 1.652377 0.520836 1.809845 2.279141 0.150439 -2.088886 
80 1.652131 0.571776 1.771607 2.255211 0.150562 -2.088886 
81 1.651641 0.633896 1.719609 2.190906 0.151544 -2.088886 
82 1.645382 0.685034 1.663773 2.119484 0.152280 -2.088886 
83 1.640719 0.727374 1.618920 2.038858 0.152648 -2.088886 
84 1.640964 0.776594 1.584916 1.980076 0.153139 -2.088886 
85 1.640596 0.833487 1.555411 1.928166 0.153384 -2.088886 
86 1.642559 0.892630 1.529345 1.875765 0.153507 -2.088886 
87 1.646118 0.945886 1.498782 1.823487 0.153507 -2.088886 
88 1.651150 0.995238 1.464248 1.770964 0.153507 -2.088886 
89 1.651641 1.047037 1.431038 1.700769 0.153507 -2.088886 
90 1.651641 1.098572 1.399151 1.634624 0.153507 -2.088886 
91 1.652131 1.147395 1.366867 1.577559 0.153507 -2.088886 
92 1.655936 1.197409 1.333657 1.526140 0.153507 -2.088886 
93 1.662440 1.252715 1.296743 1.475212 0.153507 -2.088886 
94 1.666980 1.309542 1.256255 1.430175 0.153507 -2.088886 
95 1.667717 1.361077 1.217091 1.389555 0.153507 -2.088886 
96 1.667594 1.411356 1.182690 1.347953 0.153507 -2.088886 
97 1.667594 1.463552 1.153317 1.301320 0.153507 -2.088886 
98 1.667594 1.513169 1.124871 1.248183 0.153507 -2.088886 
99 1.667594 1.559809 1.096688 1.193573 0.153507 -2.088886 
100 1.667594 1.608102 1.070491 1.144854 0.153507 -2.088886 
101 1.667594 1.655073 1.048395 1.112947 0.153507 -2.088886 
102 1.667471 1.702175 1.032385 1.112825 0.153507 -2.088886 
103 1.667471 1.748881 1.020477 1.112825 0.153507 -2.088886 
104 1.667471 1.793999 1.007643 1.112825 0.153507 -2.088886 
105 1.667471 1.837463 1.000101 1.112702 0.153507 -2.088886 
106 1.667348 1.883574 0.991104 1.112457 0.153507 -2.088886 
107 1.667103 1.919695 0.970728 1.112457 0.153507 -2.088886 
108 1.666612 1.948538 0.945589 1.112457 0.153507 -2.088886 
109 1.663667 1.973281 0.936724 1.112457 0.153507 -2.088886 
110 1.647100 1.987107 0.936724 1.112457 0.153507 -2.088886 
111 1.600099 1.988166 0.936724 1.112457 0.153507 -2.088886 
112 1.526590 1.988166 0.936724 1.112457 0.153507 -2.088886 
113 1.451609 1.988166 0.936724 1.112457 0.153507 -2.088886 
114 1.369265 1.988166 0.936724 1.112457 0.153507 -2.088886 
115 1.290971 1.988166 0.936724 1.112457 0.153507 -2.088886 
116 1.222494 1.988166 0.936724 1.112457 0.153507 -2.088886 
117 1.156840 1.988166 0.936724 1.112457 0.153507 -2.088886 
118 1.086890 1.988166 0.936724 1.112457 0.153507 -2.088886 
119 1.016572 1.988166 0.936724 1.112457 0.153507 -2.088886 
120 0.945150 1.988166 0.936724 1.112457 0.153507 -2.088886 
121 0.873237 1.988166 0.936724 1.112457 0.153507 -2.088886 
122 0.801324 1.988166 0.936724 1.112457 0.153507 -2.088886 
123 0.733338 1.988166 0.936724 1.112457 0.153507 -2.088886 
124 0.668175 1.988166 0.936724 1.112457 0.153507 -2.088886 
125 0.606325 1.988166 0.936724 1.112457 0.153507 -2.088886 
126 0.545211 1.988166 0.936724 1.112457 0.153507 -2.088886 
127 0.485324 1.988166 0.936724 1.112457 0.153507 -2.088886 
128 0.420283 1.988166 0.936724 1.112457 0.153507 -2.088886 
129 0.357697 1.988166 0.936724 1.112457 0.153507 -2.088886 
130 0.302474 1.988166 0.936724 1.112457 0.153507 -2.088886 
131 0.247496 1.988166 0.936724 1.112457 0.153507 -2.088886 
132 0.190677 1.988166 0.936724 1.112457 0.153507 -2.088886 
133 0.141099 1.988166 0.936724 1.112457 0.153507 -2.088886 
134 0.117292 1.988166 0.936724 1.112457 0.153507 -2.088886 
135 0.117660 1.988166 0.936724 1.112457 0.153507 -2.088886 
136 0.117905 1.988166 0.936724 1.112457 0.153507 -2.088886 
137 0.118028 1.988166 0.936724 1.112457 0.153507 -2.088886 
138 0.118273 1.988166 0.936724 1.112457 0.153507 -2.088886 
139 0.118273 1.988166 0.936724 1.112457 0.153507 -2.088886 
140 0.118273 1.988166 0.936724 1.112457 0.153507 -2.088886 
141 0.118273 1.988166 0.936724 1.112457 0.153507 -2.088886 
142 0.118273 1.988166 0.936724 1.112457 0.153507 -2.088886 
143 0.118273 1.988166 0.936724 1.112457 0.153507 -2.088886 
