0 0.118273 1.988166 0.936724 1.112457 0.153507 -2.088886 
1 0.118273 1.988166 0.936724 1.112457 0.153507 -2.088886 
2 0.118273 1.988166 0.936724 1.112457 0.153507 -2.088886 
3 0.118273 1.988166 0.936724 1.112457 0.153507 -2.088886 
4 0.118273 1.988166 0.936724 1.112457 0.153507 -2.088886 
5 0.118273 1.988166 0.936724 1.112457 0.153507 -2.088886 
6 0.118273 1.988166 0.936724 1.112457 0.153507 -2.088886 
7 0.118273 1.988166 0.936724 1.112457 0.153507 -2.088886 
8 0.118273 1.988166 0.936724 1.112457 0.153507 -2.088886 
9 0.118273 1.988166 0.936724 1.112457 0.153507 -2.088886 
10 0.118273 1.988166 0.936724 1.112457 0.153507 -2.088886 
11 0.118396 1.988166 0.936724 1.112457 0.153507 -2.088886 
12 0.118519 1.988166 0.936724 1.112457 0.153507 -2.088886 
13 0.120605 1.988166 0.936724 1.112457 0.153507 -2.088886 
14 0.135086 1.988166 0.936724 1.112457 0.153507 -2.088886 
15 0.166502 1.988166 0.936724 1.112457 0.153507 -2.088886 
16 0.210067 1.988166 0.936724 1.112457 0.153507 -2.088886 
17 0.253632 1.988166 0.936724 1.112457 0.153507 -2.088886 
18 0.289466 1.988166 0.936724 1.112457 0.153507 -2.088886 
19 0.326158 1.988166 0.936724 1.112457 0.153507 -2.088886 
20 0.362606 1.988166 0.936724 1.112457 0.153507 -2.088886 
21 0.403594 1.988166 0.936724 1.112457 0.153507 -2.088886 
22 0.451086 1.988166 0.936724 1.112457 0.153507 -2.088886 
23 0.496983 1.988166 0.936724 1.112457 0.153507 -2.088886 
24 0.543738 1.988166 0.936724 1.112457 0.153507 -2.088886 
25 0.593071 1.988166 0.936724 1.112457 0.153507 -2.088886 
26 0.644613 1.988166 0.936724 1.112457 0.153507 -2.088886 
27 0.698977 1.988166 0.936724 1.112457 0.153507 -2.088886 
28 0.754200 1.988166 0.936724 1.112457 0.153507 -2.088886 
29 0.803901 1.988166 0.936724 1.112457 0.153507 -2.088886 
30 0.845135 1.988166 0.936724 1.112457 0.153507 -2.088886 
31 0.888823 1.988166 0.936724 1.112457 0.153507 -2.088886 
32 0.944169 1.988166 0.936724 1.112457 0.153507 -2.088886 
33 1.002337 1.988166 0.936724 1.112457 0.153507 -2.088886 
34 1.067501 1.988166 0.936724 1.112457 0.153507 -2.088886 
35 1.137696 1.988166 0.936724 1.112457 0.153507 -2.088886 
36 1.202736 1.988166 0.936724 1.112457 0.153507 -2.088886 
37 1.260291 1.988166 0.936724 1.112457 0.153507 -2.088886 
38 1.318705 1.988166 0.936724 1.112457 0.153507 -2.088886 
39 1.382519 1.988166 0.936724 1.112457 0.153507 -2.088886 
40 1.445105 1.988166 0.936724 1.112457 0.153507 -2.088886 
41 1.505974 1.988166 0.936724 1.112457 0.153507 -2.088886 
42 1.560952 1.988166 0.936724 1.112457 0.153507 -2.088886 
43 1.608198 1.988166 0.936724 1.112457 0.153507 -2.088886 
44 1.653727 1.988166 0.936724 1.112457 0.153507 -2.088886 
45 1.689806 1.988166 0.936724 1.112457 0.153507 -2.088886 
46 1.702323 1.988166 0.936724 1.114175 0.153507 -2.088886 
47 1.696310 1.985784 0.936724 1.133932 0.153507 -2.088886 
48 1.685756 1.973016 0.936857 1.173693 0.153507 -2.088886 
49 1.671275 1.955154 0.937915 1.208913 0.153507 -2.088886 
50 1.665876 1.924458 0.945589 1.237752 0.153507 -2.088886 
51 1.665630 1.886485 0.964642 1.274199 0.153507 -2.088886 
52 1.665630 1.851422 0.985150 1.326846 0.153507 -2.088886 
53 1.665508 1.811861 1.004203 1.407840 0.153507 -2.088886 
54 1.665508 1.766148 1.028945 1.471653 0.152771 -2.088886 
55 1.665630 1.714943 1.065728 1.530190 0.152525 -2.088886 
56 1.665262 1.660100 1.104495 1.573878 0.152035 -2.088886 
57 1.657531 1.600230 1.135455 1.612043 0.151912 -2.088886 
58 1.651150 1.524746 1.148422 1.628733 0.151912 -2.088886 
59 1.635810 1.447940 1.162447 1.633519 0.151912 -2.088886 
60 1.625011 1.380263 1.175678 1.651559 0.151544 -2.088886 
61 1.624397 1.329918 1.193540 1.733903 0.151421 -2.088886 
62 1.624274 1.284800 1.218282 1.832691 0.151421 -2.088886 
63 1.621697 1.237102 1.254932 1.897241 0.151421 -2.088886 
64 1.616052 1.180010 1.300447 1.952955 0.151421 -2.088886 
65 1.615316 1.116368 1.348476 2.000202 0.151421 -2.088886 
66 1.615684 1.054844 1.391610 2.060948 0.151421 -2.088886 
67 1.617402 0.991665 1.432891 2.125252 0.151421 -2.088886 
68 1.618384 0.931861 1.480126 2.166240 0.151421 -2.088886 
69 1.618261 0.878208 1.528155 2.205264 0.151421 -2.088886 
70 1.617893 0.825681 1.571685 2.251529 0.151421 -2.088886 
71 1.618016 0.777851 1.610584 2.293867 0.151421 -2.088886 
72 1.618138 0.728829 1.648822 2.319147 0.151421 -2.088886 
73 1.618016 0.682388 1.685075 2.333505 0.151421 -2.088886 
74 1.616911 0.636542 1.716698 2.351422 0.151421 -2.088886 
75 1.614457 0.592351 1.742234 2.367253 0.151421 -2.088886 
76 1.614334 0.554774 1.763668 2.372530 0.151421 -2.088886 
77 1.613966 0.532612 1.772533 2.372652 0.151421 -2.088886 
78 1.614334 0.529503 1.772798 2.372775 0.151421 -2.088886 
79 1.612125 0.529503 1.772798 2.372407 0.151421 -2.088886 
80 1.608812 0.533274 1.772798 2.361240 0.151421 -2.088886 
81 1.607707 0.560993 1.767770 2.354490 0.151421 -2.088886 
82 1.599608 0.606045 1.742498 2.349827 0.151421 -2.088886 
83 1.598013 0.666048 1.709950 2.345409 0.151421 -2.088886 
84 1.606480 0.733328 1.676872 2.324547 0.151912 -2.088886 
85 1.613598 0.800013 1.643662 2.290186 0.152525 -2.088886 
86 1.614089 0.856179 1.606483 2.252879 0.153139 -2.088886 
87 1.615439 0.906655 1.571420 2.204774 0.153875 -2.088886 
88 1.616052 0.959381 1.540063 2.144151 0.153875 -2.088886 
89 1.615807 1.014423 1.509896 2.080951 0.154366 -2.088886 
90 1.613352 1.066156 1.481449 2.006215 0.154612 -2.088886 
91 1.604885 1.109819 1.452473 1.918962 0.154612 -2.088886 
92 1.598872 1.151761 1.426143 1.825205 0.154612 -2.088886 
93 1.598013 1.197210 1.403518 1.744211 0.154612 -2.088886 
94 1.597522 1.244644 1.385920 1.674630 0.154612 -2.088886 
95 1.595926 1.296311 1.374806 1.621247 0.154612 -2.088886 
96 1.594945 1.347516 1.365544 1.566147 0.154612 -2.088886 
97 1.594086 1.401565 1.352975 1.500738 0.154612 -2.088886 
98 1.591631 1.458723 1.340008 1.434347 0.154612 -2.088886 
99 1.588809 1.517271 1.325719 1.357648 0.154612 -2.088886 
100 1.588072 1.571055 1.314208 1.283771 0.154612 -2.088886 
101 1.588072 1.613130 1.301903 1.219344 0.154612 -2.088886 
102 1.588072 1.647597 1.287084 1.161789 0.154612 -2.088886 
103 1.588072 1.674192 1.274911 1.112088 0.154612 -2.088886 
104 1.588072 1.707335 1.258769 1.112579 0.154612 -2.088886 
105 1.588072 1.745309 1.240643 1.112579 0.154612 -2.088886 
106 1.588072 1.785002 1.212064 1.112457 0.154612 -2.088886 
107 1.588072 1.826085 1.173826 1.112334 0.154612 -2.088886 
108 1.588072 1.858964 1.128575 1.112334 0.154612 -2.088886 
109 1.588072 1.879009 1.080149 1.112334 0.154612 -2.088886 
110 1.588072 1.889726 1.029739 1.112334 0.154612 -2.088886 
111 1.588072 1.903883 0.982901 1.112211 0.154612 -2.088886 
112 1.587091 1.925450 0.948500 1.112211 0.154612 -2.088886 
113 1.579605 1.952574 0.938180 1.112211 0.154612 -2.088886 
114 1.563774 1.980558 0.938180 1.112211 0.154612 -2.088886 
115 1.538371 2.002455 0.938180 1.112211 0.154612 -2.088886 
116 1.500451 2.020516 0.938180 1.112211 0.154612 -2.088886 
117 1.447069 2.035070 0.938180 1.112211 0.154612 -2.088886 
118 1.372579 2.036922 0.938180 1.112211 0.154612 -2.088886 
119 1.287412 2.036922 0.938180 1.112088 0.154612 -2.088886 
120 1.199668 2.036922 0.938180 1.112088 0.154612 -2.088886 
121 1.113643 2.036922 0.938180 1.112088 0.154612 -2.088886 
122 1.017309 2.036988 0.938180 1.112088 0.154612 -2.088886 
123 0.921343 2.037121 0.938180 1.112088 0.154612 -2.088886 
124 0.825009 2.037650 0.938180 1.112088 0.154612 -2.088886 
125 0.727080 2.038245 0.938180 1.112088 0.154612 -2.088886 
126 0.622523 2.038774 0.938180 1.112088 0.154612 -2.088886 
127 0.520054 2.040031 0.938180 1.112088 0.154612 -2.088886 
128 0.431819 2.045919 0.938180 1.112088 0.154612 -2.088886 
129 0.362115 2.058158 0.938180 1.112088 0.154612 -2.088886 
130 0.288238 2.067751 0.938180 1.112088 0.154612 -2.088886 
131 0.214116 2.077674 0.938180 1.112088 0.154612 -2.088886 
132 0.154107 2.093419 0.938180 1.112088 0.154612 -2.088886 
133 0.117169 2.116838 0.938180 1.112088 0.154612 -2.088886 
134 0.118151 2.131657 0.938180 1.112088 0.154612 -2.088886 
135 0.118273 2.131723 0.938180 1.112088 0.154612 -2.088886 
136 0.118396 2.131723 0.938180 1.112088 0.154612 -2.088886 
137 0.118396 2.131723 0.938180 1.112088 0.154612 -2.088886 
138 0.118396 2.131723 0.938180 1.112088 0.154612 -2.088886 
139 0.118396 2.131723 0.938180 1.112088 0.154612 -2.088886 
140 0.118396 2.131723 0.938180 1.112088 0.154612 -2.088886 
141 0.118396 2.131723 0.938180 1.112088 0.154612 -2.088886 
142 0.118396 2.131723 0.938180 1.112088 0.154612 -2.088886 
143 0.118396 2.131723 0.938180 1.112088 0.154612 -2.088886 
144 0.118396 2.131723 0.938180 1.112088 0.154612 -2.088886 
145 0.118396 2.131723 0.938180 1.112088 0.154612 -2.088886 
146 0.118396 2.131723 0.938180 1.112088 0.154612 -2.088886 
147 0.118396 2.131723 0.938180 1.112088 0.154612 -2.088886 
148 0.118396 2.131723 0.938180 1.112088 0.154612 -2.088886 
