100
27102 75496 66325 99348 24180 91026 89776 24357 92375 15634 15876 39084 55732 67806 88211 57487 56828 24278 74103 26929 7635 13204 73165 78022 42307 15656 44180 35119 17414 52553 93355 25982 62749 2505 41689 54949 72261 25944 90042 41016 45780 81633 93398 39851 66290 8421 44579 81948 61333 99517 31860 25204 8583 42298 72708 84523 74268 47232 67045 5973 12930 95913 85457 12452 51734 51855 79261 70646 89765 67852 62014 91661 2870 61524 98950 1663 26675 91697 4705 71958 76920 34599 98850 8191 79137 25926 70856 67549 57249 29098 70412 31774 43548 93917 42223 17379 18925 66538 37349 56801 
89207 77369 10511 91481 45071 37488 36751 41797 62885 8330 90418 80036 66779 80186 73753 44029 71695 40242 22237 55641 21604 27741 69420 81601 8570 6951 95290 57867 55623 94938 98848 64045 95605 41675 67613 6980 33323 76387 6607 17916 86008 61240 26862 32241 79157 69299 68952 73106 37798 91157 39523 93652 75172 50087 6487 33004 55649 96973 70456 21972 50025 34699 13840 45214 31419 41123 51994 78144 46055 36738 49864 56749 79076 73567 48531 15707 27798 12822 64055 70669 81553 68814 72670 69862 42403 50711 37170 26145 20399 76183 33699 59350 16258 32755 35104 75829 2478 4249 87379 77912 
82880 9909 40729 73521 34513 61098 80143 65354 7110 2711 66304 79363 38031 29584 34051 66822 93708 35741 27436 34388 75358 24456 84053 75525 83366 57287 25247 17906 87145 47377 43668 68256 64666 82387 92059 98216 85118 62444 23685 636 88420 61835 81440 58232 19365 49079 50212 43316 46778 11139 72365 99718 76352 48796 8173 4309 73220 94131 10001 76528 820 64851 87714 8286 136 67439 53501 3196 2038 96404 27129 91871 85442 68932 43442 46576 23838 52791 73994 10384 25045 84816 85384 20830 95235 81501 66817 29315 94292 28019 36155 89157 7805 13796 13001 56423 4084 97913 44837 13540 
41353 66762 79343 48332 55889 78893 8418 6922 76964 29434 78421 11081 70461 59857 76066 16092 82192 27409 2459 27937 62053 49578 63149 1094 95900 8991 12402 71853 98892 35640 91317 26857 73514 13672 33453 13174 9923 51548 77754 99229 12950 54568 22654 82712 53043 34741 10755 54725 56404 88751 92315 44341 6621 59588 68583 5691 33442 39889 88451 7738 19963 27714 15985 41557 22476 1087 81527 67128 45319 75034 72482 41675 42344 84256 38234 28296 1221 32673 43519 47573 14026 3839 67721 9952 51488 16161 58251 52857 53095 98486 3842 90028 88821 84293 3921 40143 4324 76405 50093 91864 
58902 19468 31620 67716 43586 6207 31011 26260 71637 86642 21989 50261 67526 34155 99209 70727 58045 77111 95009 11702 72808 61178 87323 23236 78553 48474 68870 44912 5373 37031 54128 57730 50322 11858 44604 14319 60385 40319 41592 6369 28218 68529 85027 52181 35683 79351 70856 21639 12672 79024 14490 42448 29154 16853 17804 53668 83467 52283 4881 84045 68096 1649 72620 5233 69489 68675 57649 21435 96806 39658 90378 32224 75809 59023 74922 20202 10660 80184 72191 33194 28007 70980 51329 19811 23566 24701 39687 85255 55175 14409 95095 94746 97638 62592 74336 95076 45929 39551 3334 74081 
41443 49203 18606 76390 26254 32410 37012 19987 47839 9121 5261 9980 12168 3596 83544 30000 91670 78589 90219 5385 56924 43832 96208 95093 7066 65331 76144 9294 59111 82904 71593 3342 39612 57141 11128 4746 96803 93596 66465 32512 71447 47613 72881 40406 4459 34312 81409 93208 76495 87010 86582 27123 67731 27792 56788 92964 87167 33492 78699 98712 18455 74775 92443 43200 42935 71385 85233 59192 12574 25051 1021 25041 68920 26707 70853 79355 46075 92208 20263 19585 39038 20153 16521 87681 56640 59801 80621 15061 65377 32937 82324 77217 65418 30625 35765 25998 42474 56071 46900 84881 
27891 38995 39239 51824 78320 16896 43447 28474 64065 56635 54139 80023 57036 67622 38137 98029 30718 49670 54901 34600 56072 68175 84428 24796 92975 99979 33405 9932 56269 91443 1587 36931 59189 99051 45950 37714 62398 46263 19844 33805 39880 25192 2302 27243 89289 68395 84747 62339 56816 43101 69991 87180 51097 67344 43872 25407 57901 44041 67566 1325 95859 37142 438 90734 86721 33833 66902 77418 29710 24301 92831 25452 69840 87765 77989 41313 98093 95182 33619 10829 43804 98947 49194 68377 35301 88626 46065 43898 19464 98019 48231 62259 8352 21270 62905 48558 90301 32341 23637 84207 
5542 29906 3595 40427 60891 54831 24611 82649 12679 26805 8464 6264 74440 23023 91759 13699 18945 54572 17638 24478 8161 13270 491 28940 56728 49819 30989 49578 56804 67534 85646 21591 27329 89853 13634 22317 84539 12224 39372 59328 40987 54735 21417 57047 1358 8655 4351 22727 14969 90792 14669 95160 22680 34590 79905 42860 62804 98883 82550 22889 73232 9189 16830 77720 98568 17879 55184 42756 81322 53618 91983 33453 68257 12218 35375 70001 21965 75095 50109 17435 69269 3020 71772 51610 96763 85949 70013 79881 84283 44856 75254 30068 41067 57805 76125 8389 18020 32438 85729 13689 
94093 6722 39949 67989 18738 68367 80340 70139 78972 49274 27289 23864 85970 62425 9951 12945 32503 53132 49732 99271 26263 42981 97392 14517 98606 69767 68535 90768 79359 82264 42881 74120 33924 25194 54751 23393 57407 58941 83626 15745 37153 33169 28365 70196 47800 92586 13444 71469 21570 80527 68037 62827 23058 58627 27207 60696 61071 18898 84695 21952 95234 94088 94293 90746 77453 50948 37006 28041 61848 77448 17166 95855 805 38552 21022 24078 79798 75507 85016 42007 73723 85697 27502 77236 7720 56930 51862 78657 40928 68663 56335 62793 51662 26409 7249 48067 48310 17868 84383 6342 
3543 41953 85713 9597 39848 77730 68944 16216 33734 86325 53287 88507 57818 2360 99337 97823 44094 13617 10261 55217 53309 69322 14703 74371 1018 82604 69827 23968 6011 20913 74277 73981 33318 12694 79702 86751 34473 36763 10324 32282 42611 55187 43325 62838 21475 10145 66428 82009 38370 65441 84572 79679 71980 10115 24029 74093 15341 29932 16278 61236 37892 88197 17184 25886 20750 428 19100 141 40539 86539 94400 31769 63809 31143 87478 15678 24435 4361 85614 63839 84754 46390 20854 88371 50927 24255 53016 33232 9298 94302 95805 1638 30229 15953 5861 73749 70897 58430 82486 74984 
50231 53310 29956 87016 81726 14398 91277 15466 72000 5762 45343 48782 47835 63468 39599 12539 15221 73520 35852 38365 83148 42410 70130 13210 15889 8706 94578 99240 76025 13688 15687 32546 15068 77948 3413 42213 27419 43652 2280 77166 19274 33631 80548 13245 68575 25588 35819 69772 59551 74905 11035 69323 54261 21641 64770 64835 84537 83026 38178 55538 41876 16050 34583 4653 85845 29406 15829 76970 38040 58635 18766 8837 2516 79316 28990 40371 67070 35871 45059 28436 77588 71020 38417 25613 34086 68219 67559 63270 30600 26378 40857 68607 4808 5526 74018 76962 23127 72320 29564 1928 
34017 9565 56911 18463 53771 28922 36276 17257 86123 21183 69760 78219 38676 22759 90136 50442 76774 51970 89618 14238 55753 53414 94205 48286 42582 96004 45310 60000 9061 66651 92537 85841 16271 13520 90465 23931 21410 71533 35851 6870 22391 69452 79026 4818 8901 59055 67631 72510 74348 28903 1513 39541 32470 51166 71293 98765 49352 66861 51307 49877 15151 24537 86663 76466 90567 73674 67290 36312 94326 19069 86422 57017 98523 54709 61576 7862 57276 21872 75863 22763 20337 76890 90749 71045 5222 94886 80750 21861 44023 69944 94730 34839 84722 35000 16362 93719 32269 5327 88760 34862 
90230 32660 13878 33658 43699 80853 85507 45513 55419 59466 5548 69697 8369 668 51162 85913 12102 28690 58191 17870 55653 87292 28467 33676 6896 54751 268 72856 37361 54603 11722 65434 78861 10459 4061 24062 21790 98034 53687 41199 24350 46763 9474 78230 73020 75280 2442 37054 91017 42945 93129 64153 37022 99536 5682 81575 46181 83614 62100 38995 27928 26840 93737 87941 68242 55586 69932 17767 44897 50346 50540 47574 75195 87784 59019 61219 66042 43546 22803 88027 66615 98637 78663 66593 37511 98108 28354 59340 736 55270 78284 28955 96842 47495 13744 20537 78899 38822 91680 5852 
74113 72304 19575 30227 53967 43338 37043 28331 14152 31045 46598 19666 11023 83965 34681 16942 71725 76106 54033 37718 23295 64636 84461 22211 94579 42629 15888 43234 78504 8168 5764 45032 3635 68959 61878 14982 14319 60340 31770 59431 22578 96792 84398 40810 52225 15955 44774 79968 31212 78313 50180 44573 96121 84640 1597 26999 56548 86016 51769 31627 96628 17653 82314 36734 14097 17115 97818 60637 75992 60469 83690 32904 66561 5800 50677 94237 95464 57125 65760 93954 79683 60348 30969 4302 97434 50637 15428 27136 49722 85527 52724 22225 27074 83704 95920 88400 14005 29424 99942 55815 
66719 20104 38700 67397 60021 50260 22561 30462 97131 69188 81164 70658 45488 52885 30811 68017 42772 38775 45774 93495 59499 92065 95372 88045 94411 87943 40283 67850 50744 98809 31175 87110 19474 67922 77927 97253 79830 90332 36524 81041 39392 45287 32777 70271 80877 72353 89042 5830 59031 73632 70814 34457 26255 8484 72046 86193 15773 33197 622 13562 28973 47921 65789 50933 82199 88891 97969 62644 22349 89854 47112 592 37322 87225 31160 32932 48371 34719 19621 33534 47259 68888 4238 28041 76558 77780 77597 2774 93795 29568 55651 96904 8438 54907 16702 66401 2480 3011 32829 3926 
60511 77194 20200 11915 2257 92689 77566 13064 46477 38267 99499 76254 51130 38778 42387 69096 87296 69800 23220 60321 91184 59041 5137 41792 63410 10933 54379 44281 60350 47642 21352 81680 7723 60049 14861 29125 92704 24382 96163 31961 88643 78729 45384 69069 2837 65789 61788 32695 21276 35369 90083 84175 44359 39420 18866 46954 8089 59723 73584 22413 2404 82707 28958 55237 3747 10442 52354 75603 41303 65041 97795 83302 54111 91723 71917 26227 2074 59657 84810 59292 10989 17671 9789 75481 79357 15360 87634 56413 98082 79092 62576 43734 37797 64619 23855 40408 55585 47764 52803 72306 
68006 83495 18646 86354 37194 30470 83008 40111 77185 82953 24768 4251 17351 97554 60716 78284 34359 52730 6648 13564 21150 1045 6977 37160 72156 56359 26101 94950 19642 66831 75163 87565 25891 67326 7115 5592 83808 30598 81056 19984 38081 65781 43879 90669 35261 89684 33098 74770 48797 73887 37267 35604 71180 12515 35053 91918 20087 86525 83817 46030 35867 40118 87196 89042 93393 22188 57614 50156 62990 67382 85807 64209 63614 55395 16926 48247 50616 8524 20694 25968 10408 25806 62934 68444 41441 31584 81388 79699 53073 95557 35037 70156 33760 86703 31520 51044 28494 8758 49231 39991 
8383 32334 256 77053 92266 69730 90360 16696 81349 2524 84380 25974 97820 27486 99104 11924 58663 9540 20483 43911 18957 35255 7627 19125 88315 91242 89125 3437 1694 56766 95626 77704 41970 5124 32303 74206 83123 12402 37927 2071 64991 38770 67398 24155 93286 26197 31088 84600 73553 51711 2983 55980 89642 176 26756 46519 85571 40069 35236 37423 22710 44642 12676 21279 90206 57813 57163 82668 5433 41945 92076 42404 63649 26738 65441 54444 43429 71488 30444 61498 38420 79781 3289 16532 56005 50157 65515 8578 837 55065 3333 81018 64981 77445 69642 55971 73134 48423 67756 80871 
38886 1633 74810 1688 38341 33672 55676 51392 87872 41415 89943 164 22641 69262 25944 9056 7201 3647 50142 11027 15245 99821 53224 30109 18792 38854 51521 86493 12306 82083 53190 84754 71890 14892 92872 71565 56017 6816 41137 14106 7494 23051 88696 47667 93777 45774 24035 38253 49638 61730 63529 49457 47751 1456 5662 79093 58018 34049 20350 94769 52480 10402 88072 6483 3105 71980 98713 1421 76950 56072 40483 23758 47748 26626 89763 97375 71494 50188 65834 14112 60932 68765 80261 25021 90280 16160 74314 22871 28181 47420 26567 16362 51655 76943 61916 19699 21093 59586 56970 79291 
15654 38468 60282 25939 10869 29446 89514 30554 23559 63808 76614 20429 60059 52373 71231 11222 34977 42499 30759 42476 32647 52561 59949 6972 66474 59617 1564 22280 25567 16834 33319 45582 59150 38637 62821 65593 55736 31733 21795 45282 84877 85596 27445 98198 79425 97071 9177 17537 56998 9065 95630 35169 89358 28318 87620 45693 67710 6602 6292 87113 54274 75179 72931 20631 37481 43977 96184 46826 35078 3208 26379 97321 36491 64375 37783 72636 946 41551 67297 18025 69904 91899 90231 71921 77939 31601 43460 20219 54990 18821 77473 98677 56239 70590 83471 42507 43944 5696 75589 61617 
14049 69126 55358 77672 4040 38191 36831 85484 98476 91733 10823 63860 85621 38426 29002 10482 1526 49495 42017 29828 77940 88217 50812 91468 30581 56533 35328 62283 61521 21215 69801 97134 52611 17789 71311 62946 94040 7151 78582 60063 85840 92454 77437 69161 27246 218 27778 59434 56356 25049 92693 39647 12484 14942 15879 25883 3620 63650 95202 67846 5543 25516 1053 79872 7678 2769 25200 53896 32184 15025 93083 16224 81638 89174 66974 26389 83619 54801 76954 19564 43090 14132 23754 36305 45591 71347 88950 94384 87658 22003 75605 75345 95670 83680 94844 82547 10564 2758 23956 21082 
98429 59442 10845 73880 28851 67455 49461 15196 73240 29388 40480 40673 85432 93916 80208 63946 1886 4693 85829 35472 9686 58570 1815 61526 6057 74587 64603 89266 80850 2057 9884 28225 95525 78817 49689 50935 17030 35657 99825 16360 54526 19209 62999 19015 632 67379 89050 16059 62622 17556 60443 60317 38520 92886 20145 15265 49793 482 88473 59164 61874 32287 63531 24062 76359 27077 20875 55082 52320 32179 13956 3469 33901 76820 468 2478 16396 31865 2119 58896 83368 88415 57006 37793 42423 24175 91811 89573 88375 41974 51300 56689 32331 21292 68861 57072 84580 14674 78489 28585 
1717 9372 65388 32327 1947 13814 6585 36103 14524 98285 73024 39139 98817 34132 16136 87040 83429 52414 60471 59959 49020 89467 51166 13838 50170 28875 79238 93217 84259 97509 91301 11900 41499 32686 76239 35210 93624 2798 96183 44303 89586 80211 63273 15172 30078 92474 1519 55141 23109 905 90198 95856 4389 92276 29210 72490 68370 33913 60760 91103 65114 99554 63085 38630 48644 77688 40534 36196 53592 15573 32008 26283 37310 730 78768 19873 38599 19758 86604 69369 14650 87971 66611 30038 52452 24482 27061 89060 75801 82222 76828 82860 32479 6252 38122 93844 79548 30513 49158 98751 
53939 21862 55321 61145 57221 66802 86816 7973 26144 44366 32927 94139 16561 58348 24585 34197 85963 67802 76329 41193 98981 55974 29687 50323 90396 58947 93978 38769 78785 3654 13101 65440 59372 99066 38879 95731 15501 10614 96699 21255 37004 76902 36506 3501 50920 87441 77254 62997 28445 32554 97573 2338 8404 34814 13825 38754 29488 23683 2358 78756 29897 90033 95519 67538 2707 40295 13001 62374 67560 1330 488 1325 9470 31677 6269 52875 54096 8744 80458 56572 70069 85267 50122 77922 19441 98611 16697 53695 32829 66689 69978 10063 90658 70376 37090 10238 55321 82686 48891 71239 
45102 56208 71461 99030 72046 69386 30832 4674 7158 55297 82639 97103 97532 59817 82473 31200 30705 73094 83197 94287 17793 7893 39693 39803 25953 24947 3918 53976 62169 54129 16297 7980 50803 40246 73607 27515 79113 87698 72137 21437 6889 60165 67117 93858 1897 62407 58711 86040 43186 51161 50800 7434 28580 63387 86534 60932 35648 93368 98692 37992 50054 52325 59608 9121 56332 42561 70780 85679 89831 53210 97304 14486 89950 99435 58755 97103 70683 82082 53889 93640 48127 97110 60467 15743 63416 72306 61941 2466 73695 21407 55935 11963 97976 2236 24013 85311 27322 41099 3372 80557 
84717 42704 23287 20351 35396 68250 78614 45995 56837 87801 50980 55022 58502 40711 24556 99509 50529 52054 60687 75532 56791 11287 31778 32278 18797 37292 91913 20078 27229 44654 96093 97650 74150 66969 78911 49942 41850 59432 72275 99966 73961 4773 1978 4289 34504 28078 98481 24164 5972 59007 95820 56851 47127 72432 99311 81757 35074 76053 74583 32703 88200 98147 13187 13885 85 53092 22580 93772 205 76617 40879 96191 72634 96673 7726 97529 58593 29147 58127 67448 16131 30557 36723 26380 93411 86740 90166 83868 72355 45501 18774 81251 95822 20036 2599 24214 61936 33725 36883 928 
31101 13563 407 70108 25369 10325 406 79673 47377 70912 32638 10720 1050 55494 6813 17576 68466 86850 64331 85610 62099 51680 37146 54121 73540 20503 9114 63217 67319 74919 25141 53209 97614 26996 6020 23148 23144 83414 15662 39059 45825 2536 21014 79981 79605 11582 74604 47710 77237 56541 24396 25339 60517 39623 91939 76255 28130 85698 72921 68942 86181 25077 37926 4564 68371 15424 77472 31371 96327 56561 67037 44668 52926 19468 19243 96662 44941 8197 43579 43274 12371 75262 88859 93326 98360 15921 72931 93747 80441 59507 98396 82602 63609 87556 50432 81341 71222 78622 77526 97888 
2626 32042 35162 47449 34081 86729 5936 69020 72335 35769 67713 28047 60717 8324 28571 78806 30558 46717 43177 43871 8237 14828 69255 59284 43994 89052 774 90790 71138 93023 39329 63700 77006 8320 90355 53045 72852 80316 44081 49301 36956 90659 19058 84739 5221 17808 49766 20166 82829 59937 9386 19656 17123 22183 59296 70085 70987 82681 94101 38748 19829 60195 92741 23787 19262 12450 40583 75797 98248 17431 41087 74371 38212 4928 30173 33418 23607 46134 30488 51665 49291 70636 86705 42010 18418 85579 53464 52113 66716 60260 63830 12881 36702 93802 77896 31508 59707 41605 43019 59836 
37790 30363 62835 73832 49385 73331 17816 15101 45261 61133 48742 9850 29032 27968 529 5501 89374 93271 93435 71393 11154 96498 84755 75025 56014 56034 31318 33610 58399 20951 59259 7983 82425 58913 60855 15307 38741 41561 78101 12824 6151 76992 77254 90668 66325 39861 78896 59651 16339 5320 41439 91278 61067 8407 91361 22869 67249 37689 68204 57032 12068 56081 47049 37824 76084 3053 21967 67766 92949 98812 42081 36468 69753 41655 68737 98704 95039 44392 95084 87702 40748 1430 53741 21488 31454 34520 20528 28185 70778 62555 16331 2760 12991 37593 92948 75913 87050 9998 44682 44203 
91796 29430 85870 11933 30843 73935 15326 17100 97570 11432 40655 54205 83717 24019 90343 95652 46388 18897 27747 14195 32680 6370 16876 13964 48768 31766 80841 15738 4444 60059 62058 59776 64571 94875 35427 24601 27938 56817 83855 34535 78438 60210 24478 26122 2131 84224 593 88528 67545 20354 88601 55689 74380 10490 52756 22563 20914 23301 60426 57110 66344 11154 80339 79222 99701 57304 58080 18490 52690 69582 88393 58661 29925 69486 35768 66550 23371 49070 40112 53264 1327 49596 50253 77534 63472 78479 75070 89181 91614 52258 51641 16363 74755 63778 2401 81632 26964 45143 56285 42383 
68535 6100 79873 11958 85473 58766 59997 13003 4620 60750 67872 19263 20437 64088 39846 36355 77363 33946 67735 55613 89112 31669 25080 47236 84967 87718 36279 88001 71082 63116 94998 19956 78406 13689 77926 36081 82528 1453 38439 32136 14307 13367 49867 98151 97187 66811 28909 44169 33138 53902 64160 63866 88334 10122 89212 20862 60801 78902 22400 47344 29928 35447 93568 49937 58150 83277 21401 16542 39630 76583 40708 71263 58952 78260 3939 50938 2196 65851 89490 97155 73067 22699 21347 41916 17830 30609 61312 7466 3516 89590 4493 33570 53142 47529 25916 83784 98394 9403 20987 76196 
95541 15109 21555 66021 19374 28156 85111 85810 29507 79636 12861 75534 95250 94987 83239 11847 54810 92557 71824 78365 43160 9521 30714 91302 48206 73148 43620 2796 91909 57965 64719 42618 8990 7352 7163 71678 49996 23360 82872 85011 25638 42229 40603 4043 74300 92176 40570 13410 14864 24815 93194 53710 17028 80347 26586 95816 12606 52555 68746 59171 70997 99663 37984 58296 27873 98518 1352 21939 16231 53552 35634 2573 34832 77181 15487 83994 6557 49156 75686 15781 39224 34207 69857 33823 21048 79465 28933 87903 86194 92130 37959 42715 30722 93662 82312 82803 22183 22361 77386 784 
83120 86991 75732 47475 1668 58997 16739 78525 95724 19178 71329 48668 36116 56470 51339 49929 23017 26014 65599 8205 17075 41047 39350 85885 47109 74089 98042 30850 79811 3462 30662 45528 49459 25402 46213 20904 41512 51900 751 93491 58776 69805 61012 12005 77268 57070 58694 53184 64552 59208 12330 91971 61103 79821 13402 99987 77923 43786 69734 913 33568 60720 92735 87465 86726 94613 16007 6894 18563 39034 69739 17355 9031 81693 31337 75521 57075 25106 17090 42804 61433 21032 86093 6687 18770 21224 95918 34120 37167 95989 45186 60001 70631 84585 12367 93466 23153 22916 5329 26687 
38574 48364 91218 82608 34597 94636 86145 12232 39396 77770 30449 88453 57141 12175 971 3453 31939 74585 22315 74166 67192 34784 16537 27437 81857 74368 99026 92286 25011 10481 2600 53651 46000 92803 78530 3519 17819 68356 3232 58972 92055 52602 11531 20166 79893 72302 93870 54993 58677 6532 41852 87345 86614 10679 44077 37675 77546 30977 34057 76556 38651 7828 27397 51194 96954 20304 62823 51243 72364 41442 96808 25450 83122 24229 69591 6376 64507 31559 5769 28528 66330 80567 45443 79207 40715 86966 54325 14482 94082 81555 8578 9950 1607 58900 65488 88977 54474 30599 2859 25900 
87142 58210 77298 13515 53782 21781 49509 56587 5291 30673 34913 62727 34377 84594 84433 78327 31910 22066 76626 58194 2362 61758 23411 49110 47018 5952 66458 11967 58721 60200 50978 77142 57280 38553 74584 34943 82459 81289 79615 33489 47400 43076 38513 89823 90242 61810 88633 28039 98143 60751 6689 62141 68505 52982 17077 23675 79087 47590 38615 88033 21891 44047 61832 73783 23003 56137 30687 47795 65352 40480 52509 94380 48441 89877 81505 28504 79266 31686 45000 19448 72463 45459 1025 82259 8043 16176 68635 53647 29132 46195 35543 28564 19729 52626 27843 89331 59312 5371 94161 26515 
88959 59649 33224 6754 18097 94280 67348 20258 14141 6607 86646 56586 24989 90723 4358 2254 42905 91069 94839 37966 5337 28896 98663 18357 48114 96807 81977 52944 91103 56253 68754 53809 18349 89946 13192 19225 17604 14694 63780 47288 2298 41365 24242 53707 13899 24107 69320 89517 56718 41839 47993 30466 41722 68524 82606 51220 41863 5693 31202 5697 86505 29124 57459 37498 62444 50260 22617 31421 22601 73783 22519 9036 20745 88016 55297 89615 31475 65977 64243 45498 54025 51686 86587 70115 82154 86070 48887 59663 88576 92965 71119 84549 33470 82292 83449 3075 5053 25524 33280 29898 
38104 29838 84425 10786 95747 72226 73155 17855 20255 766 84052 91223 92436 24353 94457 91483 75419 18073 97305 75976 76754 58744 19090 74907 84040 99238 10397 25939 47794 12650 44256 43323 38331 70301 38237 1963 57965 60334 73162 16804 19722 28368 38654 83801 14184 61163 5026 30366 61737 35941 61592 17301 71991 43634 84839 79115 79451 65895 84967 64178 45845 10145 35877 37145 55516 43469 30550 31289 52301 66947 52123 53094 2413 14184 74778 92399 32901 32602 12675 98725 28458 32170 377 45474 61572 62087 16210 70732 9416 23729 3369 40657 39379 34420 5427 17033 35883 49653 43574 91185 
60971 92739 47029 21361 3792 98290 20692 61804 13508 34694 42979 41314 9329 84250 1818 21918 16951 76194 60917 67348 72951 40976 58412 51332 53850 94319 51652 54051 90355 91297 59862 96100 86346 75882 66459 99444 10647 35127 12774 27063 60295 73134 50149 16317 46662 99440 98718 28613 96723 31489 6264 16935 41764 36554 34929 5852 53049 77750 34035 68792 48351 86697 59256 17769 26049 64237 23551 61192 63580 19304 51691 26134 93177 85965 87852 9235 90292 45470 51644 52752 32320 95083 10116 68758 39542 86510 25157 45857 31138 35458 74710 57109 18531 39536 98006 83371 35171 26867 88647 48882 
49058 94470 57067 96489 73507 47051 69030 44067 48105 39983 47798 69716 99080 46586 1462 81801 67841 77977 19889 27625 35123 72833 73706 80031 85505 13018 95723 45525 19910 88499 27591 49510 73236 7338 65831 66664 22758 57192 22897 61256 20754 75912 49314 16433 147 51837 19804 16054 74808 69975 77775 30857 48496 12853 72821 51899 47361 7612 75398 37641 27128 52317 91862 84201 2475 59627 63037 94607 43101 95892 4081 33434 75692 44302 16373 17628 47040 70581 31134 45397 81861 42824 94186 90741 1808 79097 41641 35210 21802 45246 83353 2578 53746 46710 72491 95873 80920 97997 11063 79831 
49566 74114 15094 80380 41202 26267 41746 46091 26876 60963 40192 33501 86183 37269 68527 18072 88981 58315 66281 88958 30824 33484 2985 46895 92442 46307 30785 85691 35868 76839 74245 91810 44687 70925 21280 53577 96444 16380 70928 77844 58630 29172 26255 60820 26275 8032 42541 20490 49489 79941 70397 26718 67777 55765 56033 22777 43023 48024 97848 74559 62404 77959 95124 70721 41662 90122 49290 1573 31205 60710 44381 65064 59194 95407 16480 69032 13755 23886 62163 2436 70769 47075 19339 32601 68741 86468 65982 87764 6814 76334 36944 4305 32930 13627 4057 74892 70598 24342 86910 50448 
62720 67956 70379 37826 73436 88006 72796 81080 25210 59934 49471 18386 9252 75058 28981 54490 51120 27170 44737 87719 49375 22863 98091 99171 55609 23290 92427 30122 21680 45804 25450 53957 69051 12672 36587 89482 98886 81596 37167 68235 27270 3194 9615 21819 90080 43409 40494 48170 88042 15 87077 68033 92350 91436 3932 50341 68328 18422 28784 52393 50255 67044 49032 40586 31220 56342 92793 13620 97284 73745 37713 42388 24139 53015 96734 61354 34201 64171 24954 78471 51988 80940 38147 43073 5169 24782 13918 21787 63003 42291 83392 24009 51957 62736 45776 76313 73708 72547 83 44044 
67999 45957 68502 89954 24759 88056 16943 9111 78562 11554 94190 79683 36093 79785 25780 15102 28022 45071 89953 49694 32990 23358 28853 67310 22692 20512 42067 71919 45499 69236 77707 98346 82300 2997 21614 54107 64436 39856 48777 88638 52301 12569 57961 50609 27792 45870 5949 7430 52160 66198 519 67367 93598 13937 95532 49535 64329 19709 14454 36006 87962 58319 2249 98031 1335 12799 76681 29281 38883 2787 98749 46912 29193 15302 64011 60862 29246 87320 79566 30897 11104 99649 26155 17188 18253 11844 8755 55781 13559 47472 75115 66146 48120 23912 42811 63983 28992 24715 31757 28701 
30803 65031 2792 18070 84275 30338 10730 71838 56295 84734 55003 81782 18717 26620 98029 90416 50836 75104 61592 21407 37524 23099 77954 60247 50203 42477 8605 8242 38112 808 49008 94090 51469 49733 19899 36671 82349 49217 56393 19593 26396 74726 80077 94361 71342 16456 73556 12591 61954 67137 54021 59062 98148 86873 31339 1791 718 172 73445 11402 82420 76031 8714 36163 29636 97245 91408 23228 62362 91980 86303 62372 8818 15500 77322 88276 53581 80425 62117 89349 23052 11857 90947 91089 26050 74451 62670 61713 4928 19851 63626 1071 79731 12370 17728 92748 47063 81724 83497 38174 
66127 29545 25827 42524 64818 27677 53501 7253 74443 32457 14367 61415 85645 7787 79104 45880 3575 60072 4012 32981 70873 51301 98029 21698 12890 60097 76748 25989 27685 11840 87251 85779 39996 38498 10640 59907 25104 22667 60766 4287 66337 98347 61193 93386 14579 56613 91983 55097 13888 34520 51089 71186 40029 75065 56110 20985 14155 94669 12562 48654 64167 14572 72520 44704 32371 90999 32011 33925 25077 4644 26614 87545 55217 53513 30669 18231 12859 51299 98428 21747 84049 81987 93541 44663 8483 64162 10533 40109 29751 58238 66987 97127 40213 92280 57723 38949 3363 22487 71695 74724 
10266 75915 78813 34753 17126 12499 41072 56271 75164 18462 35297 15844 51625 95541 57804 11117 34937 91563 72547 36072 19629 57017 2821 97134 89407 35820 60016 48016 17414 57497 90797 45286 16747 89450 26170 86504 20022 31275 26456 92021 59941 77 78370 97057 11621 51378 10546 85001 95753 31879 24682 24678 65407 16245 15653 76130 31640 82120 13786 68725 98611 40911 28817 38855 32147 64124 46895 65177 9912 30924 31406 67253 34708 60179 40260 95408 74083 20999 35462 8712 24076 37377 92036 97420 91904 87705 36014 25826 43053 96087 16655 10227 96580 46415 16040 51544 17794 4031 51032 8550 
84776 64640 63191 35653 11034 82139 60624 33572 98132 54556 8763 57574 75435 4714 68765 84893 56995 20594 89607 86016 22486 46658 97432 30575 49984 10159 74631 22105 16524 8460 16264 47443 59360 81876 49470 4785 3579 36195 58088 92996 23621 6079 51915 11684 63416 49779 42797 43798 3786 13545 21731 32074 26286 36079 74916 91243 87281 74434 81798 85111 87076 72076 99893 40527 38657 678 1579 42709 64089 19062 960 75149 90869 48166 30178 44465 86612 55449 70233 53600 37689 71068 19693 86644 55575 73796 75057 50520 6476 48914 67677 38996 12647 73622 59509 61740 78408 53024 83602 25143 
45162 62316 85022 86201 33513 31006 90660 57985 17710 75872 71308 65566 43484 65765 56000 55725 68823 11071 74993 41287 3923 98632 32009 71318 15987 48200 51129 5055 13780 87963 97889 60737 96205 2303 74909 69698 98197 70613 82882 29520 4590 46508 35081 9227 60486 61389 45637 51732 17958 66044 57557 88322 98746 36885 23001 70933 1283 11459 72429 49854 17822 40357 91235 24983 63021 6215 54601 66027 90146 1375 7560 39462 28855 76325 95362 48449 29573 92489 23648 10588 34823 52559 67463 14843 33419 63855 16139 13046 63248 46207 90651 47414 13407 75344 62951 71496 99330 62917 2469 29816 
36419 91241 27768 25572 82577 38395 94031 72952 37350 8179 3249 14259 83494 63579 50608 55852 15105 97544 43284 96687 13288 81749 97989 97647 81543 78009 94472 5109 18452 54208 99079 53209 91591 82031 26164 29528 8579 55987 72226 8051 97023 73937 60308 95581 43397 26521 45449 24709 71494 73381 11461 96336 28215 21071 65522 22767 67177 82395 25646 70873 246 73662 96941 39722 65859 68990 97939 19000 24271 23917 26951 94515 93506 6327 87746 58099 82910 46185 42275 88992 72095 6505 61941 24228 75279 59420 38353 75320 38192 90389 72653 17267 18087 83581 88476 76150 15560 51388 75898 80849 
13569 64142 13472 77104 89157 67364 10602 50755 63626 31908 15468 74507 30857 17955 57331 57982 21853 16100 34753 41489 42155 87251 41118 15845 94896 16836 21203 8147 34592 94563 98323 82345 61724 17527 56026 29984 16179 59787 51470 65333 71638 82391 26177 78822 226 59911 848 45827 63802 36838 47426 36754 23153 38751 60987 67476 56927 88845 32825 37570 92011 71976 91168 21866 98950 84280 85276 8758 60216 94398 99205 52265 24204 31116 31229 45548 32144 74220 4453 73841 90890 72253 9775 74490 19798 25855 13915 74046 74313 96391 7202 91577 17868 72436 97756 39608 53772 57076 473 67116 
67222 66620 5310 59534 6587 96355 15793 91069 46825 32030 189 12892 32885 20052 30986 55222 98143 12725 93344 75253 39427 65150 79701 75740 6929 41506 68125 86592 96411 85224 83687 70354 94887 68957 83486 62252 99709 97557 13416 89967 85192 25544 89521 81765 32131 75001 6423 37922 39425 69001 39816 52726 97121 27685 71008 84377 59247 81521 23324 34106 23767 34837 27160 18449 76058 60217 47932 26290 16671 64864 67124 23638 5805 93263 48082 8624 94972 12753 18733 72186 59901 76567 56566 64693 54614 24319 65676 40381 64296 86983 85854 75996 19961 97802 4606 97484 23825 14592 15579 79013 
62581 69079 59146 45260 77581 1257 27401 90175 16509 46970 49203 14012 11177 76901 5788 52467 57710 8903 26941 13558 13041 73047 56849 29054 11705 73512 25051 36471 73449 33705 38292 82510 88026 2537 70777 33861 60407 12272 94301 31909 96881 56867 93498 93196 74198 17951 142 45954 89852 16162 89820 61049 31997 96805 21243 34746 75345 16776 42066 85052 49211 45060 11798 7078 20191 12750 64633 69988 985 5652 36196 59450 29928 58874 26769 30556 45367 98291 6989 87464 40698 36809 33045 80399 26819 8255 33826 66078 9245 1036 39469 89350 45417 55634 36244 20600 82495 29104 51749 54744 
61474 62705 51707 94527 63999 70376 74701 48323 12277 97917 86305 288 2218 14112 87643 93072 82173 18689 72337 64880 32065 22812 88594 68521 80273 5943 56560 23764 36768 20965 79939 59005 78096 18174 93463 424 289 20823 67670 91334 9200 86489 11860 10946 41971 44512 56763 25335 97119 72787 39155 52608 1795 54137 27546 49655 18328 9466 98500 17075 77897 69479 31329 99606 1287 40181 68034 19073 53535 24717 94107 82727 74716 46506 20214 36804 19388 57058 9791 31825 58162 41493 21466 66244 71116 90680 91470 48303 50240 64848 49520 98521 35670 3747 25160 47056 44611 41550 22256 34716 
20190 54710 41419 37938 89782 76790 75376 87045 9872 22160 49192 46629 37330 83028 9260 66240 90395 51062 26028 71031 92375 14547 58440 70933 69906 26194 33691 62828 13954 93977 84122 2611 81378 68036 55457 61370 11379 26381 42014 65677 54020 40029 10339 47429 82018 41038 69599 52246 76514 92017 84017 71135 38857 18521 82869 8747 26914 20289 36615 67962 90760 21168 88682 7610 22778 51858 45239 26982 50130 75466 53089 64432 8474 81341 62689 35617 35899 2270 51240 13973 60987 26406 50288 1552 70294 93843 95636 51687 54457 40101 73908 150 58500 78017 35650 62288 58503 87556 50709 57980 
4873 75859 80321 91058 38379 88065 57040 89838 39011 58991 48408 95200 69766 76136 25832 67104 70184 56719 19534 51739 80757 47912 21286 99505 74798 68123 3114 14066 86916 39899 90041 60067 18638 83996 81766 45800 27998 13044 11185 48293 38513 41989 58938 16050 11017 70576 1336 94723 7849 84915 25817 23780 70952 24575 98527 98281 40438 9169 93060 72593 78114 62800 2532 30758 71803 20717 78129 60324 51795 62970 18342 15163 22849 84049 80996 11219 34267 31452 1317 63194 94848 33302 7447 17350 78064 38403 81108 41122 73767 74538 45103 36243 93106 47823 57527 8615 12967 12173 19293 41800 
74721 68580 45793 43463 21574 43502 7333 85249 99505 71539 42040 54416 85679 13242 24830 58407 49200 10691 83364 43828 6053 44004 80847 38728 45596 37362 80647 49539 13252 69903 67499 49462 80578 26629 6920 31221 8978 24855 31212 61624 38312 43875 55913 79847 10552 65563 56053 16699 8409 92714 30961 57701 25811 21844 63019 55180 23040 10268 17813 80305 51415 42655 14253 37960 93554 93368 95399 38707 61770 31235 83214 42313 53007 89538 84539 47796 81522 50138 72689 46471 15252 30066 34818 70840 51579 89146 30958 78971 720 15201 36484 21830 19464 44562 11528 91290 76013 27450 34748 84522 
45020 52420 2847 69644 84118 59708 6114 10380 11194 89575 4442 32099 72656 20394 92518 21345 96864 18324 31916 10201 30718 74190 45849 3343 45058 98252 22294 30836 36709 1216 74040 3272 27627 35097 37184 35169 38845 70947 55783 20432 86350 27436 16421 76220 7441 51272 89042 95721 91498 59294 852 45502 25965 5040 91711 44146 92727 77999 9217 67254 72184 57394 49896 70966 35290 5265 94563 55882 20189 43197 24520 19320 26249 89332 32936 20856 61772 61997 27957 12205 42778 83101 70477 17886 43928 53795 16660 62780 57478 45239 1319 39665 13182 2315 68680 51997 47066 59478 29737 3912 
29111 2342 89109 89694 25119 16416 13617 82201 45290 48034 33072 25347 77896 39295 29464 94367 47140 23409 89224 45935 8323 95947 30557 74591 83806 26874 77463 64336 96600 28877 85579 76234 49480 47527 45242 86363 15059 81188 63523 16404 4925 62145 13520 84 26399 56309 31284 67074 27379 10146 7778 66486 58593 31125 29927 23117 19523 61119 92023 69318 69163 63433 84012 11521 57985 9798 23756 75648 74049 64789 7041 44877 21208 68658 36182 23033 96140 62048 57843 1168 37819 46750 36936 82660 58762 37913 18488 89120 50724 90106 86478 73334 11150 91367 37174 34031 99656 86811 97829 87244 
62666 98267 77696 39568 38990 37603 41029 27884 46114 26003 12571 86556 71385 1277 1719 8741 67901 76218 38508 516 38904 97330 39456 15696 16761 25705 28319 68173 19877 48441 57215 99769 60940 89159 15050 79697 51501 94726 71083 10381 25886 43718 16263 43266 10985 33938 56816 80097 47712 20058 5116 74952 26424 65494 13252 73083 72252 98417 86584 43834 32371 27328 30749 43670 86538 70791 95269 46535 17262 58181 84525 16468 85361 6273 10631 54143 51910 61602 32480 90436 38613 47407 54659 59362 27970 63370 44589 61194 59967 55980 41917 30982 66515 3218 46414 39111 10351 29831 39823 49804 
12527 98312 47357 90117 34634 9990 84620 3687 19064 17441 51097 39445 56979 61082 75794 43502 92806 59860 54459 78740 18420 8180 98259 59932 34726 99405 65994 42511 59831 72955 12915 50415 753 92508 28729 97856 27365 78467 50374 51984 97332 6575 68115 64604 79637 93207 29429 65027 33582 64473 96417 93791 2636 30695 46092 11171 73269 22152 80253 87079 78772 67624 67048 11062 18555 91425 14187 45920 43072 56995 68558 12178 10465 1554 95445 87091 65423 54343 96603 69318 28362 30456 36656 71589 70487 71321 4444 9065 27658 73234 9563 5000 18114 93402 73940 33262 59540 82400 28366 45613 
47573 39726 10711 93571 83549 20699 27243 3408 96387 17911 81685 53660 98352 40027 97877 77823 31198 46072 62857 35861 58498 69383 97816 22947 36216 6148 28969 29305 44299 85922 92251 83321 62649 38970 76393 47420 36055 6996 22564 67467 20766 6729 92703 18287 25697 65302 26095 88495 42314 93195 2788 60124 51699 99374 75191 95597 93171 8872 94682 99574 81140 73077 70080 93754 49450 59446 99096 82837 1633 86887 10049 25656 57682 79272 97160 93162 95074 29160 38003 98801 29033 857 41277 78497 92238 7007 22811 94783 69642 27157 27764 74533 14311 6203 97071 85418 3113 77634 67004 57648 
36850 58162 26790 96857 65099 87109 22758 21379 49823 72237 46458 93958 15897 90163 27573 80211 15590 27824 76238 98860 91188 27267 1515 50743 6834 87428 19906 54779 314 50059 79447 51716 75282 73818 41160 73072 91191 49584 37675 62086 34988 20660 18515 14473 12771 79495 4102 11325 27049 39578 36991 22947 15272 70500 73949 30145 28290 25381 35776 44206 41179 20307 77422 67064 61051 89780 42252 82652 34283 13534 99423 67235 79351 54046 37123 77131 87123 65401 99094 38247 15662 29814 14866 95371 66185 11379 70713 43397 97814 43734 12589 18127 64383 48538 58536 75241 1588 78016 3739 45499 
99525 20566 28919 48563 71452 59658 86849 66839 19277 25300 31353 80812 11899 15887 75316 41369 58961 62004 94886 53003 87097 56924 5603 86955 86684 61230 20496 17975 15227 52342 58573 59993 61226 78294 59400 67282 7950 2447 65639 96257 86420 90383 6019 19831 38741 76005 28976 53387 88889 74638 23080 55365 49494 36271 72999 93045 13883 57070 87254 94516 4267 99327 54423 93235 66539 13742 22596 81856 91280 68605 75779 97777 32381 21102 85422 25651 79927 98402 45824 58849 79996 41474 47117 52022 22315 94476 53851 20952 43015 71559 95273 41993 51719 15042 44412 15765 84748 88680 94566 76181 
91474 79287 46097 10520 27575 8771 89376 59316 18084 18757 60227 48608 46644 76610 94091 75318 37483 13871 61288 68222 36532 41818 73146 59031 67828 81003 33314 57913 51415 54480 72571 44911 95926 78716 90519 55478 22194 22305 98489 3125 39609 43997 1597 53318 15671 25216 15683 56615 6506 56500 24969 71052 23911 80965 8988 92726 85609 5359 79092 59520 39070 59581 37920 57570 78058 41208 71830 57471 11015 44962 6171 28379 97328 31016 80085 15778 9265 7484 63416 27310 92638 44391 32325 23577 87518 7922 56152 34730 80381 37052 4641 95711 40397 37824 39373 56421 27829 27724 52139 80596 
31142 38316 12066 67573 1557 14741 25697 4583 36096 59787 19219 64727 68774 92328 47678 95791 86586 40264 2373 78887 77625 74636 87013 4677 31563 35287 70667 85982 15327 47704 70674 17113 54229 36886 47749 20139 35681 56854 38618 15175 19124 87782 34368 44642 23589 90527 66749 86060 88175 73633 97290 21351 3712 12370 90720 40176 30740 63282 6086 56799 80267 74046 37666 73947 61966 64370 48879 66096 66735 53484 1672 61289 45855 64978 66883 71848 41132 45242 92397 60857 86690 97077 58537 10885 92091 34337 83655 58924 93045 16869 11311 55666 28216 22984 44872 10462 88606 60607 82450 70619 
47291 89534 89595 27332 17820 17911 38242 61146 39266 4793 36077 4311 21982 90779 92409 621 17101 3137 18696 70706 47975 62552 6204 40478 18323 30363 87624 37127 87353 29809 47577 16638 65706 33373 27842 43886 23280 50424 83547 75830 14526 64976 67446 71467 55800 97065 2094 130 2123 66634 70950 92991 77339 40873 34152 87471 36478 55281 8030 72083 47120 30333 70740 44948 9139 86412 89170 7960 8569 23058 88698 68262 74270 36897 14771 13925 93819 47389 37899 13812 54149 6005 22958 88944 21186 39207 17772 9373 57148 91635 95396 76630 56462 46562 24104 56242 12374 24597 23255 2706 
1900 1190 77656 69431 71583 77767 13082 92080 40641 87337 78320 26378 72673 20090 65830 66978 98830 87139 46392 90291 60615 9148 99020 96551 39315 82471 29858 53841 97928 13512 10139 63039 89672 50987 61509 47836 71055 848 23295 92708 19171 5300 85714 12354 82474 26272 72090 33245 21790 85895 73805 75732 25597 94381 17225 11654 17629 31663 25734 50405 71927 28436 48389 40871 57053 24800 78467 90731 29128 77874 79068 95874 54091 50380 61579 88716 38560 16863 9924 98574 67497 566 36503 50010 29499 6338 29884 29320 86939 2779 22434 30724 76229 98747 36218 59599 64207 9975 74538 27616 
21860 98067 96040 94482 83005 77883 18032 90660 58144 96215 99581 76279 51920 46408 63549 38166 23409 97091 75723 62490 61470 5113 87320 52489 27872 76758 3116 10890 46626 12007 64805 27097 97904 99625 88005 69664 22838 57573 15647 28896 63896 61617 51175 16007 83586 69353 79931 57678 3990 48609 11734 46774 13107 45588 57318 95185 25468 83760 16312 7210 67112 97466 9971 69728 63045 57617 11406 6457 79949 14641 98010 72410 93233 68796 99120 13708 10060 42258 62723 76897 70058 77318 71193 299 26571 13340 58998 69703 22194 44506 31764 69436 78472 30682 47869 18379 1854 27237 52937 77287 
48752 42365 67296 84922 86647 16912 86451 27339 98805 35781 6049 68995 75119 63111 38685 81288 89399 24614 80300 65812 4105 6049 23295 68905 7761 36292 55425 52021 35831 6998 18448 27613 6724 38464 90147 77778 19088 70285 54114 7315 74850 39064 43551 66271 20773 63338 58010 53419 3655 67874 89056 13132 31343 75484 68261 37435 81724 26680 70101 45427 32932 9070 23400 43102 90835 98504 13717 3950 18747 33487 56291 35014 90844 76532 63990 56391 27292 26638 98876 11187 89396 64565 74431 39990 42828 96506 71818 19192 61220 68149 45829 86871 78190 2757 84570 30946 48037 6437 74746 46360 
85150 5452 91577 23404 93249 95571 30410 29767 28028 70923 19770 64866 34614 63049 151 58288 27108 17755 91822 96310 84611 8377 94986 38598 15128 69903 1020 7562 3810 52598 2050 74165 21424 59545 75669 15576 38967 5741 43749 17382 49026 7491 82528 29691 79522 38628 53044 3195 68774 91662 13134 34317 94081 71963 79638 7093 89556 8152 36039 21156 53792 86106 44526 79408 40406 3975 76866 19053 12761 84817 6406 26513 27698 78107 78624 76902 63776 93422 75602 44653 62110 78923 22200 27556 14410 31417 31572 712 35786 33792 75120 86565 60095 68210 37340 19590 88711 88369 92250 56396 
50328 26587 33142 74899 33604 71467 2213 73724 78653 79814 58157 44555 33169 66112 73381 33768 11694 49798 87698 44177 17791 92728 37360 6727 73874 37195 54720 69476 21974 83187 4564 18533 4153 98007 43746 92258 58191 72958 84929 39125 67800 23579 4885 58376 97509 84348 99112 2373 26958 91259 93594 74347 3251 5023 49953 24686 70223 17874 42606 96768 63668 45259 94163 68806 86244 55731 79248 46705 68831 38944 86245 39007 16672 64393 30494 79725 72318 31146 59605 63666 27258 41724 70520 93226 73503 56353 69948 94602 68760 93540 1556 27211 15172 46565 63776 377 90769 28345 66544 58703 
21189 75057 29416 58918 9404 24987 12472 47449 39902 65035 76023 65852 92790 28775 58714 6951 7322 37947 90375 97343 78708 14661 17974 42015 58219 48886 15297 14836 63369 4674 51946 96128 14216 28404 87615 89580 22609 22782 51730 34475 92706 17887 56712 26362 22128 7829 39489 82308 80616 58538 80121 58135 81029 22900 47888 96046 17513 63279 78130 92946 28909 89448 89267 90177 26649 27679 5921 75275 4074 76278 28914 64115 74383 95930 21166 16501 22490 40079 41071 72628 45132 35820 99079 22510 68985 88047 59311 11125 70555 1369 64587 98587 13197 73999 56525 43121 37468 96330 94288 76150 
83799 33850 52026 21313 68427 7615 4991 14282 17410 37692 17849 49017 38956 31517 16949 90054 73292 40135 24590 15391 41128 98843 22301 10254 20896 9110 64467 61319 55638 17902 30375 483 8977 6038 60839 74282 86974 99274 23699 61153 55417 43119 54491 36499 14224 52809 14276 78844 84444 77134 48985 70299 10452 49116 88044 72156 25128 92157 75724 16937 34205 59127 78394 36403 73019 45836 3415 79729 4634 95949 35613 13559 98338 71669 40358 64311 23839 1197 23674 33788 37860 90882 18297 44666 47086 53103 50218 24668 36801 60594 34544 64061 65283 32144 85431 81782 30777 35108 89476 95971 
66549 14963 12127 22391 92027 38529 55431 21702 66143 54475 6336 86151 59418 46350 15204 77849 97140 73259 2123 89816 10698 48098 21974 25629 2681 18882 81965 4996 53609 1923 8122 60773 12839 1535 41145 62330 67025 3996 58249 7341 53938 8955 41635 2044 8938 6074 57129 55170 97022 68231 76394 36574 25677 94467 78623 55159 7843 95764 40817 48655 81101 85551 93669 58465 92997 78353 49048 55006 33897 14124 86630 51940 37272 34592 21486 24454 19342 87648 79768 18284 38052 6339 43819 74125 42901 7496 92453 31740 41455 50351 26060 50468 73529 49608 63145 94304 97561 87708 58682 14872 
51866 1116 19888 84529 2186 28356 10451 88696 47269 77766 43109 34201 65470 26355 4215 89837 50996 92675 56308 35826 86252 16956 24046 11369 33760 71031 57659 67068 79513 17657 76384 43536 80676 44362 67006 7103 50685 14008 29180 45033 54697 2044 25562 16177 45584 85450 12222 8788 39626 73483 37425 77185 53180 7986 55269 21471 51881 66204 53912 57294 46976 17431 40622 39862 65584 63159 54615 84439 85980 4181 81738 86268 60741 54800 33491 79948 98067 31230 44852 8874 78649 20303 46231 64343 2534 44295 95698 10578 79345 51507 51625 603 90830 7932 75803 3714 39314 61266 49379 98662 
8738 12242 1525 43684 15495 13371 61646 68662 67663 83300 48569 96086 31498 22028 4499 41485 56246 16859 71629 76618 39165 46936 20823 70788 30475 72676 82323 85902 50229 88085 83796 87205 63859 29628 32176 79478 46518 33981 28184 48827 32412 85746 12369 15562 18214 21859 3577 82235 29632 37633 24764 75186 10891 73544 23432 6325 9907 53041 28482 55940 68210 84522 82178 98605 4188 84485 31002 76174 40976 58949 39790 59581 56034 14144 44391 85796 549 33634 67933 19052 57850 83144 11837 67354 45184 770 68067 50530 23001 66820 87069 67922 2603 58803 63479 66974 37517 9687 15221 98513 
34138 57578 57547 25834 80560 6958 79641 55619 40371 71148 8674 14466 75535 43930 14218 27662 82030 60029 98513 29445 65881 13573 63825 25664 19649 28521 76133 70768 68050 59413 24639 98702 11227 88225 26541 59730 62553 61005 74887 77719 55349 31753 7827 72425 30384 94876 28945 88589 27389 72279 83341 29317 71623 48687 6431 39043 73205 77092 2769 6584 68807 25145 23931 91799 46110 37865 23038 2221 36792 5267 19717 4454 58409 42671 20125 34985 62250 10543 83302 78466 58156 42694 74441 31177 19417 8613 9832 40793 99102 96080 92738 31731 92642 14410 26907 4803 9883 41171 8795 46713 
64636 79348 88684 20739 40410 63187 65236 2340 61157 98961 10237 9420 38181 63654 4780 19654 69198 79346 64037 46497 59764 56346 68663 15112 50253 11821 61711 63943 97229 81843 72476 30619 16977 17614 41628 64145 71476 55758 7079 86358 63831 55742 7708 76675 24363 7864 49292 97705 41935 9032 13234 7180 89540 80534 34791 87088 85861 61048 99329 13294 73689 48257 74346 34047 38110 33588 50746 32628 13025 55759 33779 30813 69215 86671 64713 94394 20216 15195 54329 13059 98722 44491 58519 49844 24610 25249 80672 1196 92742 8579 50477 81712 1798 31099 7616 4721 44623 57052 20855 83389 
55316 72720 2737 13455 47675 4637 18571 18145 43913 8787 76643 21767 71981 7867 93248 53883 93918 62469 21545 73568 92939 41215 3784 93905 55185 58537 47918 89100 94344 32029 65873 19186 17478 26723 98475 23122 37646 62746 91667 7299 6567 26601 55011 41839 41926 67739 3569 58791 24566 21279 12693 99546 95917 80946 1959 1976 50835 99308 16647 7286 43728 77014 33721 73129 70664 83569 92927 43425 45971 63421 86786 27662 1676 27039 14544 92595 25589 66194 69005 48655 34899 34968 98570 32008 83587 99038 89783 13715 82133 3632 45882 36616 48195 24651 34157 80302 7566 75121 52540 18182 
81263 23507 72119 67439 14348 34727 59818 62885 84442 98909 25370 75336 62389 51797 50502 94135 54064 6520 76998 1199 20629 19274 40088 40906 39168 9891 19730 73566 52856 69 33936 7933 27357 25506 20359 6767 35655 71658 82145 16893 33602 14325 94589 86759 75007 775 96503 6798 28884 72757 19619 59511 19722 43743 78341 41090 25010 27054 17982 75662 53748 89799 47665 7695 26135 47506 8936 94401 28739 46707 89122 27665 51066 20596 8804 67362 50561 55694 10444 27140 20466 62916 50772 78771 62123 76391 50636 87294 64632 24380 82574 43242 98318 96487 26088 45691 29194 63482 34286 87479 
72117 46101 29068 30030 62343 28917 66756 40603 1915 94921 37447 69241 4191 62775 27687 82431 61853 74068 67985 24294 36823 86978 10558 38759 6552 42050 55586 14135 73400 3 33514 19435 98464 29821 11425 13472 29305 69368 1970 68166 36238 86322 23806 5758 91001 33192 56033 55813 47694 34348 2718 50629 80506 8912 61602 51237 88549 56842 99816 64176 93428 20573 14038 78856 95899 25569 9974 14283 28323 35251 90854 5483 74452 71778 22052 42049 87017 83439 36051 4370 76638 84194 8372 71219 7645 32746 95699 52539 81587 38313 7874 84710 37600 40220 47675 93393 69704 88509 41381 96082 
72266 51388 30335 76670 93218 78822 44733 10398 11027 75675 57017 35861 8432 72612 37320 17833 11247 44070 32537 69745 21438 23530 44627 96984 93500 77840 85279 1589 77157 44029 78690 9508 6219 31248 33208 5101 3342 3634 26910 33175 40291 81115 31223 86912 84189 13787 24458 27153 93005 27108 88735 97544 47710 69102 28902 26395 86747 19680 20950 3965 95190 7165 37757 62630 3524 28595 51541 41611 98982 42856 90142 29570 32682 36726 91645 45141 35966 27702 94892 84020 69399 34067 6352 84378 77791 21558 23959 48190 82825 43978 68572 76154 92330 61052 67560 9499 76373 45534 7841 97771 
91524 38325 31781 43016 29682 60820 75749 68135 40171 23727 6220 35491 72084 63935 78486 28964 28441 33088 30665 22041 67818 64144 58178 79881 24248 46904 76907 30939 42952 86939 11984 37743 59613 48784 81264 4175 30206 10320 7812 13102 62308 25969 50741 73551 95392 3904 25950 9103 31072 98159 63284 70054 41652 41489 71079 55227 35856 66395 13045 87366 96003 30433 62928 47281 58294 93013 25903 33864 86009 43918 88025 15754 3248 56806 68973 16772 38219 85410 54391 70446 665 356 54636 48847 91352 78610 84173 81613 69959 90661 44150 77750 37274 41044 72564 70294 16083 24029 67395 21999 
80243 86421 67779 81772 59988 71211 39522 83225 56907 40535 17412 70276 12697 63010 94464 41392 10184 37191 85001 34238 18760 48683 76121 89767 42690 75345 28217 45267 24471 89650 26614 58439 24400 72193 50557 51154 43043 45401 76569 81134 98504 56196 30464 56380 15628 39927 1979 8469 45811 6872 6547 46178 32338 70886 66018 34544 27395 33334 6346 15198 3502 16295 38364 3609 53819 20970 83752 32755 20594 2751 73992 56819 9144 96892 13489 83200 16735 52409 63576 6915 33498 94275 15577 75124 73344 37784 83153 67779 32859 97203 51068 47995 18205 90265 42844 98340 4475 99367 8277 96173 
52700 26633 14781 97375 48648 47403 53256 80137 34682 95965 92680 74772 33672 5644 11323 92430 4932 20108 51060 10801 76508 9396 72155 54725 68582 87641 66885 13917 45062 85145 30785 11088 98414 52454 6505 5102 98720 89610 85140 23822 29588 32924 78095 11212 28355 7840 15542 50014 70779 82559 43713 905 43959 36390 21991 80249 24714 25259 94593 10568 5451 66178 98324 52005 31485 76583 5246 12659 83399 57186 22240 35245 60946 90619 38081 1243 33569 34106 95292 91220 4792 39863 97138 18345 70760 84350 8126 93235 85610 35572 17071 49401 87356 4534 99084 27681 71908 27881 65973 6368 
64044 24637 22340 43264 14137 15831 88025 79405 39920 10793 27249 18763 35776 20126 92856 72499 58728 12004 53657 65791 12800 21167 41049 1060 34746 58806 41951 74244 12287 42695 5066 62397 23354 31314 13842 47453 94156 93007 89539 11278 74164 225 56699 43570 96174 94905 24176 65081 50184 51769 51252 63655 85915 87037 56463 63508 20557 12686 29117 82235 35956 5350 27709 13207 53090 51838 75303 2028 58010 82695 98940 60505 44746 7005 70526 10889 84195 14317 73366 77403 65605 4774 32109 84904 21389 32882 51869 57334 36136 35016 97627 65331 19723 31535 86733 1250 15983 27924 60589 38302 
53105 52600 88211 72483 64678 12803 46994 35543 48798 27170 59731 11033 77850 34970 29825 79048 73355 47480 46033 58791 19593 16318 86850 50667 21450 35959 54512 67116 17945 55894 98778 56681 56030 556 67329 81166 12462 15568 9819 38475 48987 25954 10116 11352 6109 59869 2693 95751 62620 58755 49618 41997 88169 24249 63030 16493 41732 8002 35839 22936 35610 85443 33482 27316 89224 40523 91533 26443 57277 74931 52752 55289 54059 55369 88347 66382 44025 97178 73003 5716 26070 95033 19401 50901 54752 37915 63817 48212 22617 23658 4263 84571 49984 879 10233 35759 79848 20801 28664 89452 
78812 93530 14117 77920 53252 56223 75647 48309 70120 92751 17576 89121 28485 47340 98634 25119 64446 11190 82761 59650 45341 43633 14710 64684 63886 55436 55222 81707 99549 66472 44328 13556 97679 44220 60708 72629 61323 93248 98354 22587 76601 54150 31334 6242 94482 82558 20578 63083 71227 87432 83977 46020 7270 45052 94454 43453 11630 63234 65494 68707 24401 24788 67766 62881 72409 20345 17233 21147 2022 52583 19907 91686 28105 86124 39756 75785 88232 7850 57026 66298 61184 90743 70494 96709 95933 46049 17204 82216 69455 75450 63181 45835 97055 45834 72916 52802 87127 81148 77500 59187 
26571 66820 47858 59974 3753 28558 37550 70498 67982 74999 9683 13880 37969 81341 68295 93758 60368 67169 47028 26995 46692 76736 82471 95480 71802 46685 63360 63221 89860 95443 93010 68244 87080 62778 84752 28256 63376 99620 72164 32490 17642 36227 93370 15385 22299 29009 35053 21988 97791 63547 19662 49139 86439 32104 87536 41448 2486 40704 80183 52143 43580 32666 38253 73397 82656 68975 23872 79832 70747 67579 23398 5831 50105 90694 87952 829 61938 87206 94090 67883 20059 53591 74409 36346 965 57985 29249 41165 39042 87927 12182 60983 66697 45977 84509 24251 26775 58335 64472 1474 
46391 73815 69437 50417 66657 54711 46306 54087 9647 83505 9516 61612 89185 22946 1928 92594 71030 79383 55018 84680 53285 36586 52592 7843 85874 96008 82888 18086 11327 86778 59829 68820 75546 12576 15354 63218 71071 68979 77970 56168 6506 29021 70332 23578 95384 28107 2923 64901 10820 89037 11323 90072 50693 49650 96730 12889 6453 13183 95788 25979 94058 81474 55682 75858 41732 48588 18401 94638 88217 87879 72504 21828 58586 61945 2119 82106 96172 10200 8754 1992 57262 6129 41413 95111 27859 61869 71094 47995 38423 38548 15478 55932 90406 82613 80257 15242 86159 55221 33606 78950 
40440 72923 81698 1014 50209 1185 49636 39604 72689 97706 8809 2031 20652 21071 82837 39153 2322 93310 7381 48806 32035 96277 94042 55958 68204 75475 9436 27574 90702 29796 12021 17908 86926 54707 5801 67889 96537 7805 45400 2874 82717 4822 51917 80869 86077 56664 3678 69026 47488 61190 78482 96806 3895 54646 34264 37130 85516 98192 27981 5748 60867 65250 61773 61143 83575 14209 75744 42887 73615 63722 25837 87257 88911 74329 93781 97386 43948 31233 19962 57424 5828 44645 18191 14055 34169 96411 1302 65542 69687 62286 60299 82610 69187 47235 99446 40420 1096 45369 69271 92949 
74769 18088 97361 26595 11148 94943 82668 60492 51281 74407 51382 69905 6276 47701 62607 30527 80289 8281 27056 92681 54651 59356 59743 7061 21159 64004 10747 25424 39695 74668 11985 64366 25479 32673 26311 83520 1205 83252 20018 45576 28308 65325 29680 55894 69467 71867 50867 24915 75816 41518 92954 91405 63769 11244 7648 39586 44703 79229 73452 49320 45178 64288 63474 33792 34934 83688 12953 5421 30250 8483 72817 62944 23054 60504 33830 30561 16689 15577 38891 7594 64009 57878 44862 19437 29747 37354 84116 22242 24377 8686 32319 76329 45103 93523 79230 98080 77333 80090 59617 73364 
57468 61391 56166 12564 67627 35526 17983 7626 61022 73834 95602 33094 82322 31305 1743 76585 84842 84304 90988 61505 96091 38146 31867 8856 26470 27769 69426 9687 34895 44073 42496 1932 72357 28450 34459 96740 88021 81467 50387 22542 97207 39579 95005 1872 7837 59458 20578 86187 91466 21882 35634 32945 70973 32052 9028 48526 69421 70760 42069 69677 50302 33505 17223 10211 58530 80882 20551 68254 82676 22640 11960 35947 48561 20322 1193 18824 42226 58647 1234 6833 13758 40223 72649 7412 76525 10006 95814 11631 41133 7090 61479 29995 23883 28897 8929 99015 22307 24727 61895 50657 
36616 20460 67687 24197 56010 19001 45710 62471 20582 70109 83362 71791 40120 14785 84746 4936 14770 45035 82064 67339 52309 89658 74547 78652 20926 52365 61500 53809 10310 8017 66355 77212 82744 16171 83293 14907 86743 66956 80980 79818 60434 16063 66174 34950 22451 63027 55601 13010 51509 72260 33634 6014 18435 71060 99544 51097 5355 34387 74955 22815 27523 65652 86776 11574 59022 74191 28698 12075 73690 82406 36779 12943 61740 11448 46005 89591 11080 85849 47429 67054 82041 69240 85830 15962 17972 71263 92323 27776 69590 52462 4662 89483 77278 99825 52312 6399 18720 60531 81359 34911 
88656 39196 44166 79377 23354 12159 71066 75502 26896 33892 82490 22645 70888 86315 69561 17718 89368 65356 84094 93034 56160 38835 63287 18609 59556 81483 48882 17541 66266 65654 41671 82755 26151 27711 2583 52538 79072 87955 358 85668 18921 72691 65382 68465 11968 81671 50191 3598 61528 82130 41721 93625 42465 28899 7087 52443 69341 81965 3775 47620 7799 81815 46451 342 16146 26146 44763 16470 34535 83330 90941 49840 31013 60649 94191 37268 47482 79754 22214 15230 73351 6121 75747 37089 16090 89872 2156 14404 66466 14740 24664 14754 75160 16640 95579 69388 69721 37305 22042 70968 
41187 83536 22009 63799 36892 85014 75629 61535 17385 89799 1195 57839 22706 66250 90474 18599 16064 65034 40444 26006 69591 99249 86316 84024 35630 74815 29479 67987 22753 78994 39555 35011 37479 89460 24129 20708 89028 99200 52924 8209 37676 99489 15617 12896 10687 75612 71859 52853 95878 24455 97338 64110 68091 72746 46535 52911 27424 81477 4856 16501 93590 90646 23372 81217 21724 15902 613 48499 43582 83191 29898 21838 82915 71151 1255 49329 97726 2981 75066 62293 40130 38506 8075 36205 52588 22140 36576 27449 15991 65663 83549 92361 50757 33681 46834 67405 16960 96128 63585 95378 
53920 78467 52482 2213 83686 50119 47747 58209 33405 91800 95153 21163 97777 52325 83737 29161 71900 11200 19685 44124 93139 50843 84085 68145 8641 67212 54198 59723 50479 94699 23633 94554 27365 27785 69392 22458 58773 99313 15988 11974 7117 72431 77227 98274 40931 77184 50123 63741 15438 82187 56121 30335 57112 1700 33074 53730 29540 1998 38041 49703 5926 1678 50717 72228 29812 45511 50578 77518 91942 46303 30121 48039 35132 22080 36730 76803 36033 22566 75906 19013 19475 89906 53360 83177 11370 65772 8145 88167 37667 78498 18921 15362 78467 9211 3141 51229 54370 83029 96948 21045 
64734 78177 60707 87361 7328 31346 60245 87774 94352 37858 56975 53538 73256 61270 5511 11507 25804 12104 61057 67818 98308 62129 76115 26138 3934 41108 4664 29539 59570 19142 42104 74167 38592 9315 29566 53114 54405 56016 27085 63865 53511 76847 80786 49565 33245 9562 81212 64534 8964 21020 78134 25564 48815 32974 47392 75315 5015 11900 37416 95671 48226 76663 34577 88008 96266 75416 56599 83949 42826 2049 60617 57770 94484 42870 17686 16822 69977 44236 31036 49037 9245 47238 33659 80254 89797 25260 67771 81844 13711 61640 57113 20013 64797 25606 93160 43985 50232 36581 50024 94328 
62075 10039 22328 60982 748 21559 7022 86247 12978 28207 54484 56846 2810 73935 15154 99696 9216 7380 92015 92572 17486 18112 37232 35645 56538 62391 10905 91095 29631 14769 13583 30824 82945 11542 33707 17953 12674 3572 19984 97374 55383 71780 79265 74177 43445 44437 67735 94020 82235 31627 12570 69315 14928 58739 89091 95558 58999 59978 96419 98392 2158 47996 40232 87248 14387 23960 79645 31640 26210 2695 93195 36900 68485 80278 82103 80920 90307 18892 59695 88338 79864 85597 60195 1424 6331 52141 42919 55774 39662 54040 57580 48681 87527 95605 29707 36290 70108 6709 44726 80306 
39090 29355 95839 26790 96695 30070 68898 20843 22345 99724 31696 23104 85604 18475 87595 50528 45917 63377 31135 63442 4860 48705 73533 97655 10863 64913 27663 75379 70817 57824 2479 58387 81888 44738 28415 79545 50370 97925 72026 7919 84770 1859 93653 27005 31819 23417 74347 76955 89008 16557 75267 9415 49 85424 87942 67215 29858 93425 44361 2253 53205 80406 25533 80883 56469 48374 69805 30782 86425 7460 7972 36194 65645 40835 78332 66152 8922 75697 72185 78885 25267 47467 16169 16680 40567 68375 78839 75398 8446 1739 39181 21602 11720 69922 69280 56776 95458 1971 96711 68345 
40713 1571 16177 42418 7621 6081 44289 20938 74647 78247 94010 46667 75833 2706 40879 2669 85624 47919 20827 19218 34089 52 63018 16974 95666 66123 84684 41201 65152 94347 76782 95323 37070 94615 82865 39898 29977 46478 69612 30220 63343 39325 4019 38697 12265 73077 49221 5390 49989 5680 10006 97844 10699 18907 93096 8750 53711 61113 90647 19135 25505 59615 90493 45184 5599 69226 43770 865 46008 16129 84882 78955 42760 62047 34104 13618 40643 60635 78136 37956 2568 15325 44513 1339 21267 84099 67636 93709 99739 34759 26401 40076 1634 11520 82149 36631 52310 11986 3036 71576 
