100
82 83 84 85 86 87 88 89 90 91 92 93 94 95 96 97 98 99 100 101 102 103 104 105 106 107 108 109 110 111 112 113 114 115 116 117 118 119 120 121 122 123 124 125 126 127 128 129 130 131 132 133 134 135 136 137 138 139 140 141 142 143 144 145 144 143 142 141 140 139 138 137 136 135 134 133 132 131 130 129 128 127 126 125 124 123 122 121 120 119 118 117 116 115 114 113 112 111 110 109 
83 84 85 86 87 88 89 90 91 92 93 94 95 96 97 98 99 100 101 102 103 104 105 106 107 108 109 110 111 112 113 114 115 116 117 118 119 120 121 122 123 124 125 126 127 128 129 130 131 132 133 134 135 136 137 138 139 140 141 142 143 144 145 146 145 144 143 142 141 140 139 138 137 136 135 134 133 132 131 130 129 128 127 126 125 124 123 122 121 120 119 118 117 116 115 114 113 112 111 110 
84 85 86 87 88 89 90 91 92 93 94 95 96 97 98 99 100 101 102 103 104 105 106 107 108 109 110 111 112 113 114 115 116 117 118 119 120 121 122 123 124 125 126 127 128 129 130 131 132 133 134 135 136 137 138 139 140 141 142 143 144 145 146 147 146 145 144 143 142 141 140 139 138 137 136 135 134 133 132 131 130 129 128 127 126 125 124 123 122 121 120 119 118 117 116 115 114 113 112 111 
85 86 87 88 89 90 91 92 93 94 95 96 97 98 99 100 101 102 103 104 105 106 107 108 109 110 111 112 113 114 115 116 117 118 119 120 121 122 123 124 125 126 127 128 129 130 131 132 133 134 135 136 137 138 139 140 141 142 143 144 145 146 147 148 147 146 145 144 143 142 141 140 139 138 137 136 135 134 133 132 131 130 129 128 127 126 125 124 123 122 121 120 119 118 117 116 115 114 113 112 
86 87 88 89 90 91 92 93 94 95 96 97 98 99 100 101 102 103 104 105 106 107 108 109 110 111 112 113 114 115 116 117 118 119 120 121 122 123 124 125 126 127 128 129 130 131 132 133 134 135 136 137 138 139 140 141 142 143 144 145 146 147 148 149 148 147 146 145 144 143 142 141 140 139 138 137 136 135 134 133 132 131 130 129 128 127 126 125 124 123 122 121 120 119 118 117 116 115 114 113 
87 88 89 90 91 92 93 94 95 96 97 98 99 100 101 102 103 104 105 106 107 108 109 110 111 112 113 114 115 116 117 118 119 120 121 122 123 124 125 126 127 128 129 130 131 132 133 134 135 136 137 138 139 140 141 142 143 144 145 146 147 148 149 150 149 148 147 146 145 144 143 142 141 140 139 138 137 136 135 134 133 132 131 130 129 128 127 126 125 124 123 122 121 120 119 118 117 116 115 114 
88 89 90 91 92 93 94 95 96 97 98 99 100 101 102 103 104 105 106 107 108 109 110 111 112 113 114 115 116 117 118 119 120 121 122 123 124 125 126 127 128 129 130 131 132 133 134 135 136 137 138 139 140 141 142 143 144 145 146 147 148 149 150 151 150 149 148 147 146 145 144 143 142 141 140 139 138 137 136 135 134 133 132 131 130 129 128 127 126 125 124 123 122 121 120 119 118 117 116 115 
89 90 91 92 93 94 95 96 97 98 99 100 101 102 103 104 105 106 107 108 109 110 111 112 113 114 115 116 117 118 119 120 121 122 123 124 125 126 127 128 129 130 131 132 133 134 135 136 137 138 139 140 141 142 143 144 145 146 147 148 149 150 151 152 151 150 149 148 147 146 145 144 143 142 141 140 139 138 137 136 135 134 133 132 131 130 129 128 127 126 125 124 123 122 121 120 119 118 117 116 
90 91 92 93 94 95 96 97 98 99 100 101 102 103 104 105 106 107 108 109 110 111 112 113 114 115 116 117 118 119 120 121 122 123 124 125 126 127 128 129 130 131 132 133 134 135 136 137 138 139 140 141 142 143 144 145 146 147 148 149 150 151 152 153 152 151 150 149 148 147 146 145 144 143 142 141 140 139 138 137 136 135 134 133 132 131 130 129 128 127 126 125 124 123 122 121 120 119 118 117 
91 92 93 94 95 96 97 98 99 100 101 102 103 104 105 106 107 108 109 110 111 112 113 114 115 116 117 118 119 120 121 122 123 124 125 126 127 128 129 130 131 132 133 134 135 136 137 138 139 140 141 142 143 144 145 146 147 148 149 150 151 152 153 154 153 152 151 150 149 148 147 146 145 144 143 142 141 140 139 138 137 136 135 134 133 132 131 130 129 128 127 126 125 124 123 122 121 120 119 118 
92 93 94 95 96 97 98 99 100 101 102 103 104 105 106 107 108 109 110 111 112 113 114 115 116 117 118 119 120 121 122 123 124 125 126 127 128 129 130 131 132 133 134 135 136 137 138 139 140 141 142 143 144 145 146 147 148 149 150 151 152 153 154 155 154 153 152 151 150 149 148 147 146 145 144 143 142 141 140 139 138 137 136 135 134 133 132 131 130 129 128 127 126 125 124 123 122 121 120 119 
93 94 95 96 97 98 99 100 101 102 103 104 105 106 107 108 109 110 111 112 113 114 115 116 117 118 119 120 121 122 123 124 125 126 127 128 129 130 131 132 133 134 135 136 137 138 139 140 141 142 143 144 145 146 147 148 149 150 151 152 153 154 155 156 155 154 153 152 151 150 149 148 147 146 145 144 143 142 141 140 139 138 137 136 135 134 133 132 131 130 129 128 127 126 125 124 123 122 121 120 
94 95 96 97 98 99 100 101 102 103 104 105 106 107 108 109 110 111 112 113 114 115 116 117 118 119 120 121 122 123 124 125 126 127 128 129 130 131 132 133 134 135 136 137 138 139 140 141 142 143 144 145 146 147 148 149 150 151 152 153 154 155 156 157 156 155 154 153 152 151 150 149 148 147 146 145 144 143 142 141 140 139 138 137 136 135 134 133 132 131 130 129 128 127 126 125 124 123 122 121 
95 96 97 98 99 100 101 102 103 104 105 106 107 108 109 110 111 112 113 114 115 116 117 118 119 120 121 122 123 124 125 126 127 128 129 130 131 132 133 134 135 136 137 138 139 140 141 142 143 144 145 146 147 148 149 150 151 152 153 154 155 156 157 158 157 156 155 154 153 152 151 150 149 148 147 146 145 144 143 142 141 140 139 138 137 136 135 134 133 132 131 130 129 128 127 126 125 124 123 122 
96 97 98 99 100 101 102 103 104 105 106 107 108 109 110 111 112 113 114 115 116 117 118 119 120 121 122 123 124 125 126 127 128 129 130 131 132 133 134 135 136 137 138 139 140 141 142 143 144 145 146 147 148 149 150 151 152 153 154 155 156 157 158 159 158 157 156 155 154 153 152 151 150 149 148 147 146 145 144 143 142 141 140 139 138 137 136 135 134 133 132 131 130 129 128 127 126 125 124 123 
97 98 99 100 101 102 103 104 105 106 107 108 109 110 111 112 113 114 115 116 117 118 119 120 121 122 123 124 125 126 127 128 129 130 131 132 133 134 135 136 137 138 139 140 141 142 143 144 145 146 147 148 149 150 151 152 153 154 155 156 157 158 159 160 159 158 157 156 155 154 153 152 151 150 149 148 147 146 145 144 143 142 141 140 139 138 137 136 135 134 133 132 131 130 129 128 127 126 125 124 
98 99 100 101 102 103 104 105 106 107 108 109 110 111 112 113 114 115 116 117 118 119 120 121 122 123 124 125 126 127 128 129 130 131 132 133 134 135 136 137 138 139 140 141 142 143 144 145 146 147 148 149 150 151 152 153 154 155 156 157 158 159 160 161 160 159 158 157 156 155 154 153 152 151 150 149 148 147 146 145 144 143 142 141 140 139 138 137 136 135 134 133 132 131 130 129 128 127 126 125 
99 100 101 102 103 104 105 106 107 108 109 110 111 112 113 114 115 116 117 118 119 120 121 122 123 124 125 126 127 128 129 130 131 132 133 134 135 136 137 138 139 140 141 142 143 144 145 146 147 148 149 150 151 152 153 154 155 156 157 158 159 160 161 162 161 160 159 158 157 156 155 154 153 152 151 150 149 148 147 146 145 144 143 142 141 140 139 138 137 136 135 134 133 132 131 130 129 128 127 126 
100 101 102 103 104 105 106 107 108 109 110 111 112 113 114 115 116 117 118 119 120 121 122 123 124 125 126 127 128 129 130 131 132 133 134 135 136 137 138 139 140 141 142 143 144 145 146 147 148 149 150 151 152 153 154 155 156 157 158 159 160 161 162 163 162 161 160 159 158 157 156 155 154 153 152 151 150 149 148 147 146 145 144 143 142 141 140 139 138 137 136 135 134 133 132 131 130 129 128 127 
101 102 103 104 105 106 107 108 109 110 111 112 113 114 115 116 117 118 119 120 121 122 123 124 125 126 127 47372 47373 47374 47375 47376 47377 47378 47379 47380 47381 47382 47383 47384 47385 47386 47387 47388 47389 47390 47391 47392 47393 47394 47395 47396 47397 47398 47399 47400 47401 47402 47403 47404 47405 47406 47407 47408 47409 47410 47411 47412 47413 47414 47415 47416 47417 47418 47419 47420 47421 47422 47423 47424 47425 47426 47427 47428 47429 47430 47431 47432 47433 47434 47435 47436 47437 47438 47439 47440 47441 47442 47443 47444 
102 103 104 105 106 107 108 109 110 111 112 113 114 115 116 117 118 119 120 121 122 123 124 125 126 127 128 47371 130 131 132 133 134 135 136 137 138 139 140 141 142 143 144 145 146 147 148 149 150 151 152 153 154 155 156 157 158 159 160 161 162 163 164 165 164 163 162 161 160 159 158 157 156 155 154 153 152 151 150 149 148 147 146 145 144 143 142 141 140 139 138 137 136 135 134 133 132 131 130 47445 
103 104 105 106 107 108 109 110 111 112 113 114 115 116 117 118 119 120 121 122 123 124 125 126 127 128 129 47370 131 47654 47655 47656 47657 47658 47659 47660 47661 47662 47663 47664 47665 47666 47667 47668 47669 47670 47671 47672 47673 47674 47675 47676 47677 47678 47679 47680 47681 47682 47683 47684 47685 47686 47687 47688 47689 47690 47691 47692 47693 47694 47695 47696 47697 47698 47699 47700 47701 47702 47703 47704 47705 47706 47707 47708 47709 47710 47711 47712 47713 47714 47715 47716 47717 47718 47719 47720 47721 47722 131 47446 
104 105 106 107 108 109 110 111 112 113 114 115 116 117 118 119 120 121 122 123 124 125 126 127 128 129 130 47369 132 47653 134 135 136 137 138 139 140 141 142 143 144 145 146 147 148 149 150 151 152 153 154 155 156 157 158 159 160 161 162 163 164 165 166 167 166 165 164 163 162 161 160 159 158 157 156 155 154 153 152 151 150 149 148 147 146 145 144 143 142 141 140 139 138 137 136 135 134 47723 132 47447 
105 106 107 108 109 110 111 112 113 114 115 116 117 118 119 120 121 122 123 124 125 126 127 128 129 130 131 47368 133 47652 135 47920 47921 47922 47923 47924 47925 47926 47927 47928 47929 47930 47931 47932 47933 47934 47935 47936 47937 47938 47939 47940 47941 47942 47943 47944 47945 47946 47947 47948 47949 47950 47951 47952 47953 47954 47955 47956 47957 47958 47959 47960 47961 47962 47963 47964 47965 47966 47967 47968 47969 47970 47971 47972 47973 47974 47975 47976 47977 47978 47979 47980 47981 47982 47983 47984 135 47724 133 47448 
106 107 108 109 110 111 112 113 114 115 116 117 118 119 120 121 122 123 124 125 126 127 128 129 130 131 132 47367 134 47651 136 47919 138 139 140 141 142 143 144 145 146 147 148 149 150 151 152 153 154 155 156 157 158 159 160 161 162 163 164 165 166 167 168 169 168 167 166 165 164 163 162 161 160 159 158 157 156 155 154 153 152 151 150 149 148 147 146 145 144 143 142 141 140 139 138 47985 136 47725 134 47449 
107 108 109 110 111 112 113 114 115 116 117 118 119 120 121 122 123 124 125 126 127 128 129 130 131 132 133 47366 135 47650 137 47918 139 48170 48171 48172 48173 48174 48175 48176 48177 48178 48179 48180 48181 48182 48183 48184 48185 48186 48187 48188 48189 48190 48191 48192 48193 48194 48195 48196 48197 48198 48199 48200 48201 48202 48203 48204 48205 48206 48207 48208 48209 48210 48211 48212 48213 48214 48215 48216 48217 48218 48219 48220 48221 48222 48223 48224 48225 48226 48227 48228 48229 48230 139 47986 137 47726 135 47450 
108 109 110 111 112 113 114 115 116 117 118 119 120 121 122 123 124 125 126 127 128 129 130 131 132 133 134 47365 136 47649 138 47917 140 48169 142 143 144 145 146 147 148 149 150 151 152 153 154 155 156 157 158 159 160 161 162 163 164 165 166 167 168 169 170 171 170 169 168 167 166 165 164 163 162 161 160 159 158 157 156 155 154 153 152 151 150 149 148 147 146 145 144 143 142 48231 140 47987 138 47727 136 47451 
109 110 111 112 113 114 115 116 117 118 119 120 121 122 123 124 125 126 127 128 129 130 131 132 133 134 135 47364 137 47648 139 47916 141 48168 143 48404 48405 48406 48407 48408 48409 48410 48411 48412 48413 48414 48415 48416 48417 48418 48419 48420 48421 48422 48423 48424 48425 48426 48427 48428 48429 48430 48431 48432 48433 48434 48435 48436 48437 48438 48439 48440 48441 48442 48443 48444 48445 48446 48447 48448 48449 48450 48451 48452 48453 48454 48455 48456 48457 48458 48459 48460 143 48232 141 47988 139 47728 137 47452 
110 111 112 113 114 115 116 117 118 119 120 121 122 123 124 125 126 127 128 129 130 131 132 133 134 135 136 47363 138 47647 140 47915 142 48167 144 48403 146 147 148 149 150 151 152 153 154 155 156 157 158 159 160 161 162 163 164 165 166 167 168 169 170 171 172 173 172 171 170 169 168 167 166 165 164 163 162 161 160 159 158 157 156 155 154 153 152 151 150 149 148 147 146 48461 144 48233 142 47989 140 47729 138 47453 
111 112 113 114 115 116 117 118 119 120 121 122 123 124 125 126 127 128 129 130 131 132 133 134 135 136 137 47362 139 47646 141 47914 143 48166 145 48402 147 48622 48623 48624 48625 48626 48627 48628 48629 48630 48631 48632 48633 48634 48635 48636 48637 48638 48639 48640 48641 48642 48643 48644 48645 48646 48647 48648 48649 48650 48651 48652 48653 48654 48655 48656 48657 48658 48659 48660 48661 48662 48663 48664 48665 48666 48667 48668 48669 48670 48671 48672 48673 48674 147 48462 145 48234 143 47990 141 47730 139 47454 
112 113 114 115 116 117 118 119 120 121 122 123 124 125 126 127 128 129 130 131 132 133 134 135 136 137 138 47361 140 47645 142 47913 144 48165 146 48401 148 48621 150 151 152 153 154 155 156 157 158 159 160 161 162 163 164 165 166 167 168 169 170 171 172 173 174 175 174 173 172 171 170 169 168 167 166 165 164 163 162 161 160 159 158 157 156 155 154 153 152 151 150 48675 148 48463 146 48235 144 47991 142 47731 140 47455 
113 114 115 116 117 118 119 120 121 122 123 124 125 126 127 128 129 130 131 132 133 134 135 136 137 138 139 47360 141 47644 143 47912 145 48164 147 48400 149 48620 151 48824 48825 48826 48827 48828 48829 48830 48831 48832 48833 48834 48835 48836 48837 48838 48839 48840 48841 48842 48843 48844 48845 48846 48847 48848 48849 48850 48851 48852 48853 48854 48855 48856 48857 48858 48859 48860 48861 48862 48863 48864 48865 48866 48867 48868 48869 48870 48871 48872 151 48676 149 48464 147 48236 145 47992 143 47732 141 47456 
114 115 116 117 118 119 120 121 122 123 124 125 126 127 128 129 130 131 132 133 134 135 136 137 138 139 140 47359 142 47643 144 47911 146 48163 148 48399 150 48619 152 48823 154 155 156 157 158 159 160 161 162 163 164 165 166 167 168 169 170 171 172 173 174 175 176 177 176 175 174 173 172 171 170 169 168 167 166 165 164 163 162 161 160 159 158 157 156 155 154 48873 152 48677 150 48465 148 48237 146 47993 144 47733 142 47457 
115 116 117 118 119 120 121 122 123 124 125 126 127 128 129 130 131 132 133 134 135 136 137 138 139 140 141 47358 143 47642 145 47910 147 48162 149 48398 151 48618 153 48822 155 49010 49011 49012 49013 49014 49015 49016 49017 49018 49019 49020 49021 49022 49023 49024 49025 49026 49027 49028 49029 49030 49031 49032 49033 49034 49035 49036 49037 49038 49039 49040 49041 49042 49043 49044 49045 49046 49047 49048 49049 49050 49051 49052 49053 49054 155 48874 153 48678 151 48466 149 48238 147 47994 145 47734 143 47458 
116 117 118 119 120 121 122 123 124 125 126 127 128 129 130 131 132 133 134 135 136 137 138 139 140 141 142 47357 144 47641 146 47909 148 48161 150 48397 152 48617 154 48821 156 49009 158 159 160 161 162 163 164 165 166 167 168 169 170 171 172 173 174 175 176 177 178 179 178 177 176 175 174 173 172 171 170 169 168 167 166 165 164 163 162 161 160 159 158 49055 156 48875 154 48679 152 48467 150 48239 148 47995 146 47735 144 47459 
117 118 119 120 121 122 123 124 125 126 127 128 129 130 131 132 133 134 135 136 137 138 139 140 141 142 143 47356 145 47640 147 47908 149 48160 151 48396 153 48616 155 48820 157 49008 159 49180 49181 49182 49183 49184 49185 49186 49187 49188 49189 49190 49191 49192 49193 49194 49195 49196 49197 49198 49199 49200 49201 49202 49203 49204 49205 49206 49207 49208 49209 49210 49211 49212 49213 49214 49215 49216 49217 49218 49219 49220 159 49056 157 48876 155 48680 153 48468 151 48240 149 47996 147 47736 145 47460 
118 119 120 121 122 123 124 125 126 127 128 129 130 131 132 133 134 135 136 137 138 139 140 141 142 143 144 47355 146 47639 148 47907 150 48159 152 48395 154 48615 156 48819 158 49007 160 49179 162 163 164 165 166 167 168 169 170 171 172 173 174 175 176 177 178 179 180 181 180 179 178 177 176 175 174 173 172 171 170 169 168 167 166 165 164 163 162 49221 160 49057 158 48877 156 48681 154 48469 152 48241 150 47997 148 47737 146 47461 
119 120 121 122 123 124 125 126 127 128 129 130 131 132 133 134 135 136 137 138 139 140 141 142 143 144 145 47354 147 47638 149 47906 151 48158 153 48394 155 48614 157 48818 159 49006 161 49178 163 49334 49335 49336 49337 49338 49339 49340 49341 49342 49343 49344 49345 49346 49347 49348 49349 49350 49351 49352 49353 49354 49355 49356 49357 49358 49359 49360 49361 49362 49363 49364 49365 49366 49367 49368 49369 49370 163 49222 161 49058 159 48878 157 48682 155 48470 153 48242 151 47998 149 47738 147 47462 
120 121 122 123 124 125 126 127 128 129 130 131 132 133 134 135 136 137 138 139 140 141 142 143 144 145 146 47353 148 47637 150 47905 152 48157 154 48393 156 48613 158 48817 160 49005 162 49177 164 49333 166 167 168 169 170 171 172 173 174 175 176 177 178 179 180 181 182 183 182 181 180 179 178 177 176 175 174 173 172 171 170 169 168 167 166 49371 164 49223 162 49059 160 48879 158 48683 156 48471 154 48243 152 47999 150 47739 148 47463 
121 122 123 124 125 126 127 128 129 130 131 132 133 134 135 136 137 138 139 140 141 142 143 144 145 146 147 47352 149 47636 151 47904 153 48156 155 48392 157 48612 159 48816 161 49004 163 49176 165 49332 167 49472 49473 49474 49475 49476 49477 49478 49479 49480 49481 49482 49483 49484 49485 49486 49487 49488 49489 49490 49491 49492 49493 49494 49495 49496 49497 49498 49499 49500 49501 49502 49503 49504 167 49372 165 49224 163 49060 161 48880 159 48684 157 48472 155 48244 153 48000 151 47740 149 47464 
122 123 124 125 126 127 128 129 130 131 132 133 134 135 136 137 138 139 140 141 142 143 144 145 146 147 148 47351 150 47635 152 47903 154 48155 156 48391 158 48611 160 48815 162 49003 164 49175 166 49331 168 49471 170 171 172 173 174 175 176 177 178 179 180 181 182 183 184 185 184 183 182 181 180 179 178 177 176 175 174 173 172 171 170 49505 168 49373 166 49225 164 49061 162 48881 160 48685 158 48473 156 48245 154 48001 152 47741 150 47465 
123 124 125 126 127 128 129 130 131 132 133 134 135 136 137 138 139 140 141 142 143 144 145 146 147 148 149 47350 151 47634 153 47902 155 48154 157 48390 159 48610 161 48814 163 49002 165 49174 167 49330 169 49470 171 49594 49595 49596 49597 49598 49599 49600 49601 49602 49603 49604 49605 49606 49607 49608 49609 49610 49611 49612 49613 49614 49615 49616 49617 49618 49619 49620 49621 49622 171 49506 169 49374 167 49226 165 49062 163 48882 161 48686 159 48474 157 48246 155 48002 153 47742 151 47466 
124 125 126 127 128 129 130 131 132 133 134 135 136 137 138 139 140 141 142 143 144 145 146 147 148 149 150 47349 152 47633 154 47901 156 48153 158 48389 160 48609 162 48813 164 49001 166 49173 168 49329 170 49469 172 49593 174 175 176 177 178 179 180 181 182 183 184 185 186 187 186 185 184 183 182 181 180 179 178 177 176 175 174 49623 172 49507 170 49375 168 49227 166 49063 164 48883 162 48687 160 48475 158 48247 156 48003 154 47743 152 47467 
125 126 127 128 129 130 131 132 133 134 135 136 137 138 139 140 141 142 143 144 145 146 147 148 149 150 151 47348 153 47632 155 47900 157 48152 159 48388 161 48608 163 48812 165 49000 167 49172 169 49328 171 49468 173 49592 175 49700 49701 49702 49703 49704 49705 49706 49707 49708 49709 49710 49711 49712 49713 49714 49715 49716 49717 49718 49719 49720 49721 49722 49723 49724 175 49624 173 49508 171 49376 169 49228 167 49064 165 48884 163 48688 161 48476 159 48248 157 48004 155 47744 153 47468 
126 127 128 129 130 131 132 133 134 135 136 137 138 139 140 141 142 143 144 145 146 147 148 149 150 151 152 47347 154 47631 156 47899 158 48151 160 48387 162 48607 164 48811 166 48999 168 49171 170 49327 172 49467 174 49591 176 49699 178 179 180 181 182 183 184 185 186 187 188 189 188 187 186 185 184 183 182 181 180 179 178 49725 176 49625 174 49509 172 49377 170 49229 168 49065 166 48885 164 48689 162 48477 160 48249 158 48005 156 47745 154 47469 
127 128 129 130 131 132 133 134 135 136 137 138 139 140 141 142 143 144 145 146 147 148 149 150 151 152 153 47346 155 47630 157 47898 159 48150 161 48386 163 48606 165 48810 167 48998 169 49170 171 49326 173 49466 175 49590 177 49698 179 49790 49791 49792 49793 49794 49795 49796 49797 49798 49799 49800 49801 49802 49803 49804 49805 49806 49807 49808 49809 49810 179 49726 177 49626 175 49510 173 49378 171 49230 169 49066 167 48886 165 48690 163 48478 161 48250 159 48006 157 47746 155 47470 
128 129 130 131 132 133 134 135 136 137 138 139 140 141 142 143 144 145 146 147 148 149 150 151 152 153 154 47345 156 47629 158 47897 160 48149 162 48385 164 48605 166 48809 168 48997 170 49169 172 49325 174 49465 176 49589 178 49697 180 49789 182 183 184 185 186 187 188 189 190 191 190 189 188 187 186 185 184 183 182 49811 180 49727 178 49627 176 49511 174 49379 172 49231 170 49067 168 48887 166 48691 164 48479 162 48251 160 48007 158 47747 156 47471 
129 130 131 132 133 134 135 136 137 138 139 140 141 142 143 144 145 146 147 148 149 150 151 152 153 154 155 47344 157 47628 159 47896 161 48148 163 48384 165 48604 167 48808 169 48996 171 49168 173 49324 175 49464 177 49588 179 49696 181 49788 183 49864 49865 49866 49867 49868 49869 49870 49871 49872 49873 49874 49875 49876 49877 49878 49879 49880 183 49812 181 49728 179 49628 177 49512 175 49380 173 49232 171 49068 169 48888 167 48692 165 48480 163 48252 161 48008 159 47748 157 47472 
130 131 132 133 134 135 136 137 138 139 140 141 142 143 144 145 146 147 148 149 150 151 152 153 154 155 156 47343 158 47627 160 47895 162 48147 164 48383 166 48603 168 48807 170 48995 172 49167 174 49323 176 49463 178 49587 180 49695 182 49787 184 49863 186 187 188 189 190 191 192 193 192 191 190 189 188 187 186 49881 184 49813 182 49729 180 49629 178 49513 176 49381 174 49233 172 49069 170 48889 168 48693 166 48481 164 48253 162 48009 160 47749 158 47473 
131 132 133 134 135 136 137 138 139 140 141 142 143 144 145 146 147 148 149 150 151 152 153 154 155 156 157 47342 159 47626 161 47894 163 48146 165 48382 167 48602 169 48806 171 48994 173 49166 175 49322 177 49462 179 49586 181 49694 183 49786 185 49862 187 49922 49923 49924 49925 49926 49927 49928 49929 49930 49931 49932 49933 49934 187 49882 185 49814 183 49730 181 49630 179 49514 177 49382 175 49234 173 49070 171 48890 169 48694 167 48482 165 48254 163 48010 161 47750 159 47474 
132 133 134 135 136 137 138 139 140 141 142 143 144 145 146 147 148 149 150 151 152 153 154 155 156 157 158 47341 160 47625 162 47893 164 48145 166 48381 168 48601 170 48805 172 48993 174 49165 176 49321 178 49461 180 49585 182 49693 184 49785 186 49861 188 49921 190 191 192 193 194 195 194 193 192 191 190 49935 188 49883 186 49815 184 49731 182 49631 180 49515 178 49383 176 49235 174 49071 172 48891 170 48695 168 48483 166 48255 164 48011 162 47751 160 47475 
133 134 135 136 137 138 139 140 141 142 143 144 145 146 147 148 149 150 151 152 153 154 155 156 157 158 159 47340 161 47624 163 47892 165 48144 167 48380 169 48600 171 48804 173 48992 175 49164 177 49320 179 49460 181 49584 183 49692 185 49784 187 49860 189 49920 191 49964 49965 49966 49967 49968 49969 49970 49971 49972 191 49936 189 49884 187 49816 185 49732 183 49632 181 49516 179 49384 177 49236 175 49072 173 48892 171 48696 169 48484 167 48256 165 48012 163 47752 161 47476 
134 135 136 137 138 139 140 141 142 143 144 145 146 147 148 149 150 151 152 153 154 155 156 157 158 159 160 47339 162 47623 164 47891 166 48143 168 48379 170 48599 172 48803 174 48991 176 49163 178 49319 180 49459 182 49583 184 49691 186 49783 188 49859 190 49919 192 49963 194 195 196 197 196 195 194 49973 192 49937 190 49885 188 49817 186 49733 184 49633 182 49517 180 49385 178 49237 176 49073 174 48893 172 48697 170 48485 168 48257 166 48013 164 47753 162 47477 
135 136 137 138 139 140 141 142 143 144 145 146 147 148 149 150 151 152 153 154 155 156 157 158 159 160 161 47338 163 47622 165 47890 167 48142 169 48378 171 48598 173 48802 175 48990 177 49162 179 49318 181 49458 183 49582 185 49690 187 49782 189 49858 191 49918 193 49962 195 49990 49991 49992 49993 49994 195 49974 193 49938 191 49886 189 49818 187 49734 185 49634 183 49518 181 49386 179 49238 177 49074 175 48894 173 48698 171 48486 169 48258 167 48014 165 47754 163 47478 
136 137 138 139 140 141 142 143 144 145 146 147 148 149 150 151 152 153 154 155 156 157 158 159 160 161 162 47337 164 47621 166 47889 168 48141 170 48377 172 48597 174 48801 176 48989 178 49161 180 49317 182 49457 184 49581 186 49689 188 49781 190 49857 192 49917 194 49961 196 49989 198 199 198 49995 196 49975 194 49939 192 49887 190 49819 188 49735 186 49635 184 49519 182 49387 180 49239 178 49075 176 48895 174 48699 172 48487 170 48259 168 48015 166 47755 164 47479 
137 138 139 140 141 142 143 144 145 146 147 148 149 150 151 152 153 154 155 156 157 158 159 160 161 162 163 47336 165 47620 167 47888 169 48140 171 48376 173 48596 175 48800 177 48988 179 49160 181 49316 183 49456 185 49580 187 49688 189 49780 191 49856 193 49916 195 49960 197 49988 199 50000 199 49996 197 49976 195 49940 193 49888 191 49820 189 49736 187 49636 185 49520 183 49388 181 49240 179 49076 177 48896 175 48700 173 48488 171 48260 169 48016 167 47756 165 47480 
136 137 138 139 140 141 142 143 144 145 146 147 148 149 150 151 152 153 154 155 156 157 158 159 160 161 162 47335 164 47619 166 47887 168 48139 170 48375 172 48595 174 48799 176 48987 178 49159 180 49315 182 49455 184 49579 186 49687 188 49779 190 49855 192 49915 194 49959 196 49987 198 49999 49998 49997 196 49977 194 49941 192 49889 190 49821 188 49737 186 49637 184 49521 182 49389 180 49241 178 49077 176 48897 174 48701 172 48489 170 48261 168 48017 166 47757 164 47481 
135 136 137 138 139 140 141 142 143 144 145 146 147 148 149 150 151 152 153 154 155 156 157 158 159 160 161 47334 163 47618 165 47886 167 48138 169 48374 171 48594 173 48798 175 48986 177 49158 179 49314 181 49454 183 49578 185 49686 187 49778 189 49854 191 49914 193 49958 195 49986 197 198 197 196 195 49978 193 49942 191 49890 189 49822 187 49738 185 49638 183 49522 181 49390 179 49242 177 49078 175 48898 173 48702 171 48490 169 48262 167 48018 165 47758 163 47482 
134 135 136 137 138 139 140 141 142 143 144 145 146 147 148 149 150 151 152 153 154 155 156 157 158 159 160 47333 162 47617 164 47885 166 48137 168 48373 170 48593 172 48797 174 48985 176 49157 178 49313 180 49453 182 49577 184 49685 186 49777 188 49853 190 49913 192 49957 194 49985 49984 49983 49982 49981 49980 49979 192 49943 190 49891 188 49823 186 49739 184 49639 182 49523 180 49391 178 49243 176 49079 174 48899 172 48703 170 48491 168 48263 166 48019 164 47759 162 47483 
133 134 135 136 137 138 139 140 141 142 143 144 145 146 147 148 149 150 151 152 153 154 155 156 157 158 159 47332 161 47616 163 47884 165 48136 167 48372 169 48592 171 48796 173 48984 175 49156 177 49312 179 49452 181 49576 183 49684 185 49776 187 49852 189 49912 191 49956 193 194 195 196 195 194 193 192 191 49944 189 49892 187 49824 185 49740 183 49640 181 49524 179 49392 177 49244 175 49080 173 48900 171 48704 169 48492 167 48264 165 48020 163 47760 161 47484 
132 133 134 135 136 137 138 139 140 141 142 143 144 145 146 147 148 149 150 151 152 153 154 155 156 157 158 47331 160 47615 162 47883 164 48135 166 48371 168 48591 170 48795 172 48983 174 49155 176 49311 178 49451 180 49575 182 49683 184 49775 186 49851 188 49911 190 49955 49954 49953 49952 49951 49950 49949 49948 49947 49946 49945 188 49893 186 49825 184 49741 182 49641 180 49525 178 49393 176 49245 174 49081 172 48901 170 48705 168 48493 166 48265 164 48021 162 47761 160 47485 
131 132 133 134 135 136 137 138 139 140 141 142 143 144 145 146 147 148 149 150 151 152 153 154 155 156 157 47330 159 47614 161 47882 163 48134 165 48370 167 48590 169 48794 171 48982 173 49154 175 49310 177 49450 179 49574 181 49682 183 49774 185 49850 187 49910 189 190 191 192 193 194 193 192 191 190 189 188 187 49894 185 49826 183 49742 181 49642 179 49526 177 49394 175 49246 173 49082 171 48902 169 48706 167 48494 165 48266 163 48022 161 47762 159 47486 
130 131 132 133 134 135 136 137 138 139 140 141 142 143 144 145 146 147 148 149 150 151 152 153 154 155 156 47329 158 47613 160 47881 162 48133 164 48369 166 48589 168 48793 170 48981 172 49153 174 49309 176 49449 178 49573 180 49681 182 49773 184 49849 186 49909 49908 49907 49906 49905 49904 49903 49902 49901 49900 49899 49898 49897 49896 49895 184 49827 182 49743 180 49643 178 49527 176 49395 174 49247 172 49083 170 48903 168 48707 166 48495 164 48267 162 48023 160 47763 158 47487 
129 130 131 132 133 134 135 136 137 138 139 140 141 142 143 144 145 146 147 148 149 150 151 152 153 154 155 47328 157 47612 159 47880 161 48132 163 48368 165 48588 167 48792 169 48980 171 49152 173 49308 175 49448 177 49572 179 49680 181 49772 183 49848 185 186 187 188 189 190 191 192 191 190 189 188 187 186 185 184 183 49828 181 49744 179 49644 177 49528 175 49396 173 49248 171 49084 169 48904 167 48708 165 48496 163 48268 161 48024 159 47764 157 47488 
128 129 130 131 132 133 134 135 136 137 138 139 140 141 142 143 144 145 146 147 148 149 150 151 152 153 154 47327 156 47611 158 47879 160 48131 162 48367 164 48587 166 48791 168 48979 170 49151 172 49307 174 49447 176 49571 178 49679 180 49771 182 49847 49846 49845 49844 49843 49842 49841 49840 49839 49838 49837 49836 49835 49834 49833 49832 49831 49830 49829 180 49745 178 49645 176 49529 174 49397 172 49249 170 49085 168 48905 166 48709 164 48497 162 48269 160 48025 158 47765 156 47489 
127 128 129 130 131 132 133 134 135 136 137 138 139 140 141 142 143 144 145 146 147 148 149 150 151 152 153 47326 155 47610 157 47878 159 48130 161 48366 163 48586 165 48790 167 48978 169 49150 171 49306 173 49446 175 49570 177 49678 179 49770 181 182 183 184 185 186 187 188 189 190 189 188 187 186 185 184 183 182 181 180 179 49746 177 49646 175 49530 173 49398 171 49250 169 49086 167 48906 165 48710 163 48498 161 48270 159 48026 157 47766 155 47490 
126 127 128 129 130 131 132 133 134 135 136 137 138 139 140 141 142 143 144 145 146 147 148 149 150 151 152 47325 154 47609 156 47877 158 48129 160 48365 162 48585 164 48789 166 48977 168 49149 170 49305 172 49445 174 49569 176 49677 178 49769 49768 49767 49766 49765 49764 49763 49762 49761 49760 49759 49758 49757 49756 49755 49754 49753 49752 49751 49750 49749 49748 49747 176 49647 174 49531 172 49399 170 49251 168 49087 166 48907 164 48711 162 48499 160 48271 158 48027 156 47767 154 47491 
125 126 127 128 129 130 131 132 133 134 135 136 137 138 139 140 141 142 143 144 145 146 147 148 149 150 151 47324 153 47608 155 47876 157 48128 159 48364 161 48584 163 48788 165 48976 167 49148 169 49304 171 49444 173 49568 175 49676 177 178 179 180 181 182 183 184 185 186 187 188 187 186 185 184 183 182 181 180 179 178 177 176 175 49648 173 49532 171 49400 169 49252 167 49088 165 48908 163 48712 161 48500 159 48272 157 48028 155 47768 153 47492 
124 125 126 127 128 129 130 131 132 133 134 135 136 137 138 139 140 141 142 143 144 145 146 147 148 149 150 47323 152 47607 154 47875 156 48127 158 48363 160 48583 162 48787 164 48975 166 49147 168 49303 170 49443 172 49567 174 49675 49674 49673 49672 49671 49670 49669 49668 49667 49666 49665 49664 49663 49662 49661 49660 49659 49658 49657 49656 49655 49654 49653 49652 49651 49650 49649 172 49533 170 49401 168 49253 166 49089 164 48909 162 48713 160 48501 158 48273 156 48029 154 47769 152 47493 
123 124 125 126 127 128 129 130 131 132 133 134 135 136 137 138 139 140 141 142 143 144 145 146 147 148 149 47322 151 47606 153 47874 155 48126 157 48362 159 48582 161 48786 163 48974 165 49146 167 49302 169 49442 171 49566 173 174 175 176 177 178 179 180 181 182 183 184 185 186 185 184 183 182 181 180 179 178 177 176 175 174 173 172 171 49534 169 49402 167 49254 165 49090 163 48910 161 48714 159 48502 157 48274 155 48030 153 47770 151 47494 
122 123 124 125 126 127 128 129 130 131 132 133 134 135 136 137 138 139 140 141 142 143 144 145 146 147 148 47321 150 47605 152 47873 154 48125 156 48361 158 48581 160 48785 162 48973 164 49145 166 49301 168 49441 170 49565 49564 49563 49562 49561 49560 49559 49558 49557 49556 49555 49554 49553 49552 49551 49550 49549 49548 49547 49546 49545 49544 49543 49542 49541 49540 49539 49538 49537 49536 49535 168 49403 166 49255 164 49091 162 48911 160 48715 158 48503 156 48275 154 48031 152 47771 150 47495 
121 122 123 124 125 126 127 128 129 130 131 132 133 134 135 136 137 138 139 140 141 142 143 144 145 146 147 47320 149 47604 151 47872 153 48124 155 48360 157 48580 159 48784 161 48972 163 49144 165 49300 167 49440 169 170 171 172 173 174 175 176 177 178 179 180 181 182 183 184 183 182 181 180 179 178 177 176 175 174 173 172 171 170 169 168 167 49404 165 49256 163 49092 161 48912 159 48716 157 48504 155 48276 153 48032 151 47772 149 47496 
120 121 122 123 124 125 126 127 128 129 130 131 132 133 134 135 136 137 138 139 140 141 142 143 144 145 146 47319 148 47603 150 47871 152 48123 154 48359 156 48579 158 48783 160 48971 162 49143 164 49299 166 49439 49438 49437 49436 49435 49434 49433 49432 49431 49430 49429 49428 49427 49426 49425 49424 49423 49422 49421 49420 49419 49418 49417 49416 49415 49414 49413 49412 49411 49410 49409 49408 49407 49406 49405 164 49257 162 49093 160 48913 158 48717 156 48505 154 48277 152 48033 150 47773 148 47497 
119 120 121 122 123 124 125 126 127 128 129 130 131 132 133 134 135 136 137 138 139 140 141 142 143 144 145 47318 147 47602 149 47870 151 48122 153 48358 155 48578 157 48782 159 48970 161 49142 163 49298 165 166 167 168 169 170 171 172 173 174 175 176 177 178 179 180 181 182 181 180 179 178 177 176 175 174 173 172 171 170 169 168 167 166 165 164 163 49258 161 49094 159 48914 157 48718 155 48506 153 48278 151 48034 149 47774 147 47498 
118 119 120 121 122 123 124 125 126 127 128 129 130 131 132 133 134 135 136 137 138 139 140 141 142 143 144 47317 146 47601 148 47869 150 48121 152 48357 154 48577 156 48781 158 48969 160 49141 162 49297 49296 49295 49294 49293 49292 49291 49290 49289 49288 49287 49286 49285 49284 49283 49282 49281 49280 49279 49278 49277 49276 49275 49274 49273 49272 49271 49270 49269 49268 49267 49266 49265 49264 49263 49262 49261 49260 49259 160 49095 158 48915 156 48719 154 48507 152 48279 150 48035 148 47775 146 47499 
117 118 119 120 121 122 123 124 125 126 127 128 129 130 131 132 133 134 135 136 137 138 139 140 141 142 143 47316 145 47600 147 47868 149 48120 151 48356 153 48576 155 48780 157 48968 159 49140 161 162 163 164 165 166 167 168 169 170 171 172 173 174 175 176 177 178 179 180 179 178 177 176 175 174 173 172 171 170 169 168 167 166 165 164 163 162 161 160 159 49096 157 48916 155 48720 153 48508 151 48280 149 48036 147 47776 145 47500 
116 117 118 119 120 121 122 123 124 125 126 127 128 129 130 131 132 133 134 135 136 137 138 139 140 141 142 47315 144 47599 146 47867 148 48119 150 48355 152 48575 154 48779 156 48967 158 49139 49138 49137 49136 49135 49134 49133 49132 49131 49130 49129 49128 49127 49126 49125 49124 49123 49122 49121 49120 49119 49118 49117 49116 49115 49114 49113 49112 49111 49110 49109 49108 49107 49106 49105 49104 49103 49102 49101 49100 49099 49098 49097 156 48917 154 48721 152 48509 150 48281 148 48037 146 47777 144 47501 
115 116 117 118 119 120 121 122 123 124 125 126 127 128 129 130 131 132 133 134 135 136 137 138 139 140 141 47314 143 47598 145 47866 147 48118 149 48354 151 48574 153 48778 155 48966 157 158 159 160 161 162 163 164 165 166 167 168 169 170 171 172 173 174 175 176 177 178 177 176 175 174 173 172 171 170 169 168 167 166 165 164 163 162 161 160 159 158 157 156 155 48918 153 48722 151 48510 149 48282 147 48038 145 47778 143 47502 
114 115 116 117 118 119 120 121 122 123 124 125 126 127 128 129 130 131 132 133 134 135 136 137 138 139 140 47313 142 47597 144 47865 146 48117 148 48353 150 48573 152 48777 154 48965 48964 48963 48962 48961 48960 48959 48958 48957 48956 48955 48954 48953 48952 48951 48950 48949 48948 48947 48946 48945 48944 48943 48942 48941 48940 48939 48938 48937 48936 48935 48934 48933 48932 48931 48930 48929 48928 48927 48926 48925 48924 48923 48922 48921 48920 48919 152 48723 150 48511 148 48283 146 48039 144 47779 142 47503 
113 114 115 116 117 118 119 120 121 122 123 124 125 126 127 128 129 130 131 132 133 134 135 136 137 138 139 47312 141 47596 143 47864 145 48116 147 48352 149 48572 151 48776 153 154 155 156 157 158 159 160 161 162 163 164 165 166 167 168 169 170 171 172 173 174 175 176 175 174 173 172 171 170 169 168 167 166 165 164 163 162 161 160 159 158 157 156 155 154 153 152 151 48724 149 48512 147 48284 145 48040 143 47780 141 47504 
112 113 114 115 116 117 118 119 120 121 122 123 124 125 126 127 128 129 130 131 132 133 134 135 136 137 138 47311 140 47595 142 47863 144 48115 146 48351 148 48571 150 48775 48774 48773 48772 48771 48770 48769 48768 48767 48766 48765 48764 48763 48762 48761 48760 48759 48758 48757 48756 48755 48754 48753 48752 48751 48750 48749 48748 48747 48746 48745 48744 48743 48742 48741 48740 48739 48738 48737 48736 48735 48734 48733 48732 48731 48730 48729 48728 48727 48726 48725 148 48513 146 48285 144 48041 142 47781 140 47505 
111 112 113 114 115 116 117 118 119 120 121 122 123 124 125 126 127 128 129 130 131 132 133 134 135 136 137 47310 139 47594 141 47862 143 48114 145 48350 147 48570 149 150 151 152 153 154 155 156 157 158 159 160 161 162 163 164 165 166 167 168 169 170 171 172 173 174 173 172 171 170 169 168 167 166 165 164 163 162 161 160 159 158 157 156 155 154 153 152 151 150 149 148 147 48514 145 48286 143 48042 141 47782 139 47506 
110 111 112 113 114 115 116 117 118 119 120 121 122 123 124 125 126 127 128 129 130 131 132 133 134 135 136 47309 138 47593 140 47861 142 48113 144 48349 146 48569 48568 48567 48566 48565 48564 48563 48562 48561 48560 48559 48558 48557 48556 48555 48554 48553 48552 48551 48550 48549 48548 48547 48546 48545 48544 48543 48542 48541 48540 48539 48538 48537 48536 48535 48534 48533 48532 48531 48530 48529 48528 48527 48526 48525 48524 48523 48522 48521 48520 48519 48518 48517 48516 48515 144 48287 142 48043 140 47783 138 47507 
109 110 111 112 113 114 115 116 117 118 119 120 121 122 123 124 125 126 127 128 129 130 131 132 133 134 135 47308 137 47592 139 47860 141 48112 143 48348 145 146 147 148 149 150 151 152 153 154 155 156 157 158 159 160 161 162 163 164 165 166 167 168 169 170 171 172 171 170 169 168 167 166 165 164 163 162 161 160 159 158 157 156 155 154 153 152 151 150 149 148 147 146 145 144 143 48288 141 48044 139 47784 137 47508 
108 109 110 111 112 113 114 115 116 117 118 119 120 121 122 123 124 125 126 127 128 129 130 131 132 133 134 47307 136 47591 138 47859 140 48111 142 48347 48346 48345 48344 48343 48342 48341 48340 48339 48338 48337 48336 48335 48334 48333 48332 48331 48330 48329 48328 48327 48326 48325 48324 48323 48322 48321 48320 48319 48318 48317 48316 48315 48314 48313 48312 48311 48310 48309 48308 48307 48306 48305 48304 48303 48302 48301 48300 48299 48298 48297 48296 48295 48294 48293 48292 48291 48290 48289 140 48045 138 47785 136 47509 
107 108 109 110 111 112 113 114 115 116 117 118 119 120 121 122 123 124 125 126 127 128 129 130 131 132 133 47306 135 47590 137 47858 139 48110 141 142 143 144 145 146 147 148 149 150 151 152 153 154 155 156 157 158 159 160 161 162 163 164 165 166 167 168 169 170 169 168 167 166 165 164 163 162 161 160 159 158 157 156 155 154 153 152 151 150 149 148 147 146 145 144 143 142 141 140 139 48046 137 47786 135 47510 
106 107 108 109 110 111 112 113 114 115 116 117 118 119 120 121 122 123 124 125 126 127 128 129 130 131 132 47305 134 47589 136 47857 138 48109 48108 48107 48106 48105 48104 48103 48102 48101 48100 48099 48098 48097 48096 48095 48094 48093 48092 48091 48090 48089 48088 48087 48086 48085 48084 48083 48082 48081 48080 48079 48078 48077 48076 48075 48074 48073 48072 48071 48070 48069 48068 48067 48066 48065 48064 48063 48062 48061 48060 48059 48058 48057 48056 48055 48054 48053 48052 48051 48050 48049 48048 48047 136 47787 134 47511 
105 106 107 108 109 110 111 112 113 114 115 116 117 118 119 120 121 122 123 124 125 126 127 128 129 130 131 47304 133 47588 135 47856 137 138 139 140 141 142 143 144 145 146 147 148 149 150 151 152 153 154 155 156 157 158 159 160 161 162 163 164 165 166 167 168 167 166 165 164 163 162 161 160 159 158 157 156 155 154 153 152 151 150 149 148 147 146 145 144 143 142 141 140 139 138 137 136 135 47788 133 47512 
104 105 106 107 108 109 110 111 112 113 114 115 116 117 118 119 120 121 122 123 124 125 126 127 128 129 130 47303 132 47587 134 47855 47854 47853 47852 47851 47850 47849 47848 47847 47846 47845 47844 47843 47842 47841 47840 47839 47838 47837 47836 47835 47834 47833 47832 47831 47830 47829 47828 47827 47826 47825 47824 47823 47822 47821 47820 47819 47818 47817 47816 47815 47814 47813 47812 47811 47810 47809 47808 47807 47806 47805 47804 47803 47802 47801 47800 47799 47798 47797 47796 47795 47794 47793 47792 47791 47790 47789 132 47513 
103 104 105 106 107 108 109 110 111 112 113 114 115 116 117 118 119 120 121 122 123 124 125 126 127 128 129 47302 131 47586 133 134 135 136 137 138 139 140 141 142 143 144 145 146 147 148 149 150 151 152 153 154 155 156 157 158 159 160 161 162 163 164 165 166 165 164 163 162 161 160 159 158 157 156 155 154 153 152 151 150 149 148 147 146 145 144 143 142 141 140 139 138 137 136 135 134 133 132 131 47514 
102 103 104 105 106 107 108 109 110 111 112 113 114 115 116 117 118 119 120 121 122 123 124 125 126 127 128 47301 130 47585 47584 47583 47582 47581 47580 47579 47578 47577 47576 47575 47574 47573 47572 47571 47570 47569 47568 47567 47566 47565 47564 47563 47562 47561 47560 47559 47558 47557 47556 47555 47554 47553 47552 47551 47550 47549 47548 47547 47546 47545 47544 47543 47542 47541 47540 47539 47538 47537 47536 47535 47534 47533 47532 47531 47530 47529 47528 47527 47526 47525 47524 47523 47522 47521 47520 47519 47518 47517 47516 47515 
101 102 103 104 105 106 107 108 109 110 111 112 113 114 115 116 117 118 119 120 121 122 123 124 125 126 127 47300 129 130 131 132 133 134 135 136 137 138 139 140 141 142 143 144 145 146 147 148 149 150 151 152 153 154 155 156 157 158 159 160 161 162 163 164 163 162 161 160 159 158 157 156 155 154 153 152 151 150 149 148 147 146 145 144 143 142 141 140 139 138 137 136 135 134 133 132 131 130 129 128 
100 101 102 103 104 105 106 107 108 109 110 111 112 113 114 115 116 117 118 119 120 121 122 123 124 125 126 47299 47298 47297 47296 47295 47294 47293 47292 47291 47290 47289 47288 47287 47286 47285 47284 47283 47282 47281 47280 47279 47278 47277 47276 47275 47274 47273 47272 47271 47270 47269 47268 47267 47266 47265 47264 47263 47262 47261 47260 47259 47258 47257 47256 47255 47254 47253 47252 47251 47250 47249 47248 47247 47246 47245 47244 47243 47242 47241 47240 47239 47238 47237 47236 47235 47234 47233 47232 47231 47230 47229 47228 47227 
99 100 101 102 103 104 105 106 107 108 109 110 111 112 113 114 115 116 117 118 119 120 121 122 123 124 125 126 127 128 129 130 131 132 133 134 135 136 137 138 139 140 141 142 143 144 145 146 147 148 149 150 151 152 153 154 155 156 157 158 159 160 161 162 161 160 159 158 157 156 155 154 153 152 151 150 149 148 147 146 145 144 143 142 141 140 139 138 137 136 135 134 133 132 131 130 129 128 127 126 
98 99 100 101 102 103 104 105 106 107 108 109 110 111 112 113 114 115 116 117 118 119 120 121 122 123 124 125 126 127 128 129 130 131 132 133 134 135 136 137 138 139 140 141 142 143 144 145 146 147 148 149 150 151 152 153 154 155 156 157 158 159 160 161 160 159 158 157 156 155 154 153 152 151 150 149 148 147 146 145 144 143 142 141 140 139 138 137 136 135 134 133 132 131 130 129 128 127 126 125 
97 98 99 100 101 102 103 104 105 106 107 108 109 110 111 112 113 114 115 116 117 118 119 120 121 122 123 124 125 126 127 128 129 130 131 132 133 134 135 136 137 138 139 140 141 142 143 144 145 146 147 148 149 150 151 152 153 154 155 156 157 158 159 160 159 158 157 156 155 154 153 152 151 150 149 148 147 146 145 144 143 142 141 140 139 138 137 136 135 134 133 132 131 130 129 128 127 126 125 124 
96 97 98 99 100 101 102 103 104 105 106 107 108 109 110 111 112 113 114 115 116 117 118 119 120 121 122 123 124 125 126 127 128 129 130 131 132 133 134 135 136 137 138 139 140 141 142 143 144 145 146 147 148 149 150 151 152 153 154 155 156 157 158 159 158 157 156 155 154 153 152 151 150 149 148 147 146 145 144 143 142 141 140 139 138 137 136 135 134 133 132 131 130 129 128 127 126 125 124 123 
95 96 97 98 99 100 101 102 103 104 105 106 107 108 109 110 111 112 113 114 115 116 117 118 119 120 121 122 123 124 125 126 127 128 129 130 131 132 133 134 135 136 137 138 139 140 141 142 143 144 145 146 147 148 149 150 151 152 153 154 155 156 157 158 157 156 155 154 153 152 151 150 149 148 147 146 145 144 143 142 141 140 139 138 137 136 135 134 133 132 131 130 129 128 127 126 125 124 123 122 
94 95 96 97 98 99 100 101 102 103 104 105 106 107 108 109 110 111 112 113 114 115 116 117 118 119 120 121 122 123 124 125 126 127 128 129 130 131 132 133 134 135 136 137 138 139 140 141 142 143 144 145 146 147 148 149 150 151 152 153 154 155 156 157 156 155 154 153 152 151 150 149 148 147 146 145 144 143 142 141 140 139 138 137 136 135 134 133 132 131 130 129 128 127 126 125 124 123 122 121 
93 94 95 96 97 98 99 100 101 102 103 104 105 106 107 108 109 110 111 112 113 114 115 116 117 118 119 120 121 122 123 124 125 126 127 128 129 130 131 132 133 134 135 136 137 138 139 140 141 142 143 144 145 146 147 148 149 150 151 152 153 154 155 156 155 154 153 152 151 150 149 148 147 146 145 144 143 142 141 140 139 138 137 136 135 134 133 132 131 130 129 128 127 126 125 124 123 122 121 120 
