11.3067448381742	11.7253228086248
11.7663385571728	13.3484407918642
10.2519416978186	14.0225584635152
10.9903372432917	13.2772898450019
11.6084937548068	13.4123252178263
14.4070271429418	15.8806728724141
14.0337829451118	16.7635374024884
11.9252553101071	13.162250269524
10.330460197018	12.1035708010697
13.4708590598682	16.17229406666
10.1710802703204	12.2513681330318
11.0818134506709	13.2328545534046
9.94939282073874	12.1813846234242
11.0333401772107	10.4527069641594
11.0605431004134	12.546364838674
12.6431897001682	15.9208978883694
11.6393402931929	12.9276723218294
12.9725550051793	15.2956633330739
11.421611552516	13.753873432378
10.4003677889763	13.258251101672
11.2866409605023	12.6185357197822
10.7467279765965	14.4301483117235
10.5492822801397	11.9384343119605
11.2560749935043	14.1339132607552
13.4483540669574	13.7110811523652
11.6976560864978	13.2046223901437
9.73770773409453	11.3143902990228
10.6037987582011	11.1158642998248
8.61797074893982	12.2601836498634
10.8748563825638	12.9511828930771
11.8988894882783	13.948528942483
10.3549553334307	12.9328875182951
11.7763414649806	12.5866163979863
11.7773806260118	13.2677805961399
12.8999413046186	13.8276805909974
8.70748072559331	9.51598815030049
10.4973658799479	11.7399955308123
12.3333072799398	13.4417865703455
12.2865342884249	12.7839792140814
13.6161517729381	16.6050160776278
10.5572438214224	10.997998423831
14.1432785621485	16.6060509810037
13.9412170428176	15.0067381395847
13.3890716701494	14.3029553852623
11.4786577752504	13.0279127124612
13.0161289371754	15.3500213750124
11.8119685576699	12.9676288570346
11.1324078495811	11.9552489647619
10.3881088184301	10.2921257772218
13.2252540396138	15.6699238218917
11.8445121092103	12.9821516554702
11.5047568778023	12.5166832941698
9.45599447501356	11.334162886221
10.0583828025692	11.5347005573402
13.1220097204545	13.695922116387
12.0766502924789	13.2663531587805
11.6811822224643	13.56129434578
11.8902753551895	13.7314200185908
10.9659413477498	12.75893315728
11.523037152317	14.5674676718488
12.583331420126	17.1470041799644
11.7315322541953	14.0866954704101
9.8780957797657	12.1290279707964
10.8048554845165	12.7624701240432
13.5003085590185	14.1246950836934
11.7232782897347	12.6176328092316
12.1671452089868	14.4723853843624
10.5974074404746	11.5924414330067
12.2852754546492	14.2025213041207
12.286752540166	14.0062717886374
12.2152131647333	15.2805964128022
13.037264765522	14.9458828046908
11.4899499101101	14.8809187840403
12.0818179082837	12.9401864395304
12.964630933177	14.3224003010005
11.3897698105504	13.1768739573983
10.85710962387	11.570975202056
12.7300423625671	13.0360984673277
12.9512191744166	13.4686901577216
10.2683034587146	10.9381491650274
11.0936798042008	11.8707988498468
11.5468306438318	14.2540960550958
10.554724467777	11.492242479604
12.5018616251319	12.990466944527
10.747217808407	14.0412064628327
11.1369877574015	14.2569924714861
14.6018908576716	16.0015367507061
12.0136903550216	14.6698774821198
12.249260228126	12.1697516681065
10.8728806228186	12.4784628640967
13.6362487407898	14.8597558907499
13.0868809025764	15.3634812656885
10.3989794633115	11.9810249547526
11.7741496771754	13.1530798724353
11.185244880619	11.6759880944327
12.4411335201267	14.4546200800928
11.2226945174093	11.8026684460711
10.8469741556472	11.6993451594368
13.0767379124975	13.8830265025905
12.0247344770003	14.3227556860716
11.4089983067522	12.6916201446769
10.9978590288893	11.0255558058752
7.84981129664122	8.48952101622058
11.5429690893219	13.5263057221008
12.6982872322633	14.4769674940965
13.9274984320549	16.4110684882514
9.82045867761802	10.5709167607181
11.3316913543331	12.112000735169
12.3193970980055	13.6765079082271
12.3438974690701	14.0750620528705
9.82948098429456	11.893058410056
9.46438089040031	9.86861843845202
10.742731393399	12.9105353094904
13.2712016249638	15.3499073134588
11.8234049868911	12.7203388722739
11.4835846976245	15.005717434889
9.9958387900544	10.8049523615888
10.3434549586782	11.7500760620167
11.9495253987448	12.5841479275752
12.3442451340338	11.5069786746452
10.6116225466803	12.9627962498221
9.82084042043337	12.6720407826847
12.9149077066735	12.8958804007079
9.32155545688555	11.921962055273
12.4383497003966	12.6729089453863
11.7274060484097	14.5156200679898
10.15160172641	12.079082880306
13.6419162046769	15.4653743019886
12.0502852074242	14.6336662217024
10.3603251606366	11.6902300063107
11.2628324026108	11.2835384293425
11.9642445827776	15.0833854805169
11.8032756210007	13.4448871306998
10.9325106712546	12.8671348572459
13.8625547688199	15.9008953599306
11.9583309907861	14.3430692448174
12.3005924206999	14.5756484466849
9.79319090487538	10.7464174642685
14.1940825604623	15.986805462943
9.12389840003114	11.1782432604297
12.5158753314961	12.3386044480352
11.6924387602188	12.9199798703499
11.0584088682386	13.1871226691947
19.2409194017181	17.5068759630258
19.8546117620476	16.8399513989071
19.0903182884133	20.1829268937641
19.0466800818755	18.9592903105947
19.5417892028592	18.5801698798025
19.1729470511541	20.3156798975575
19.1899329659008	17.3716274920332
19.5357149181179	17.7684551403437
18.8290253487787	19.0195441005372
19.2824399072434	18.8212705940668
19.0167077446422	16.6368103504901
19.1390951866197	15.1137055687722
18.956500976181	16.755872869259
19.1033188778466	19.3179540148482
19.2057620022184	18.3653283984452
19.779107673284	18.0412119318328
18.9966159111284	17.5598134696239
19.0884996924944	20.8450938462433
19.5721735715688	21.0221968491511
18.9551380573399	19.9163343093292
18.7646369409155	19.4071676432065
18.8473324596432	15.7525857311152
19.1018908540388	22.1100710529766
19.1252139406262	15.2201818573746
18.8401042972773	19.9196644521518
19.6664328757903	17.6065100473281
19.2703146154396	20.3840430320817
19.1306913734771	17.7726257775233
19.2540154692618	18.3311533496145
19.1005029729747	21.693499199228
18.7710457609773	17.9210264556427
19.0957386344651	16.6913119377216
19.2752798453009	16.8724593257609
18.4381447784192	14.3759166525019
18.7409253865897	21.2678864271544
19.1464833602243	17.4767445818863
19.6008016179854	21.6440448106838
18.5615194833482	15.9977392351274
19.0366958488636	17.166683300444
19.0522362929068	19.5311211035822
19.3766756370942	16.4145941906951
19.0547267364264	18.600006260507
18.9799845677906	16.6645434692523
19.2872354164986	18.7198944579347
19.3098363772712	17.3925718649187
18.8907383993984	16.5135620949203
19.0046240389686	15.9357565405634
19.1901357527962	18.603818792067
18.8613697838257	19.2401689961412
19.0677602924549	21.8683331352768
19.3036160658022	17.1946821281309
19.2009464532686	18.6772084291386
18.8378006804815	20.3472660510335
19.3599119686081	21.1223628931826
19.1193051024432	20.0311838011224
19.1619477358853	17.8181355576016
19.1977164174751	17.8846305070229
19.3757467609085	18.3189161274328
19.665395758916	14.4823315788928
19.3619726646831	16.385978427521
18.8245317876833	23.2232359312421
18.657316240398	17.9024105648314
18.9787176102815	18.6343892204053
19.3240778729728	17.8754052771727
19.4994295647214	18.7822641220269
19.0880525891034	18.7207871891916
19.6217029874583	16.5652528129805
18.9676700741993	16.3452895564981
18.9363711495402	21.9227269274175
19.477956632693	14.715668506588
19.1896845878704	16.3996297859521
19.2449088347823	19.9538544511428
19.4530411848804	17.3646314205408
19.3012835320353	18.6360142777718
18.6825613592487	21.0407733439151
19.4942103399333	18.4057702045588
19.3818131066653	19.1240743603062
19.7441430068536	17.7546039129001
18.9509844509547	17.6132527258092
19.4729068164825	20.3771407605929
19.6618685185008	18.2185523207656
19.3675301508115	20.4205636436165
18.9935532334877	21.1351738507444
19.2812323042022	17.0453283025946
19.6031705813396	16.2373114527272
19.6288585533181	19.8877309843111
18.547146394479	21.8400670581772
18.6128307483112	17.6218875517761
18.692872633961	22.7928928426062
19.0142318376102	20.6338725293704
18.9717072630236	20.3094763174824
19.1836701007085	18.1010712012003
19.4252512789825	17.2523169858492
19.0899001247134	18.9968299634988
18.850880974507	17.082107545023
19.1925564837105	16.642521312975
18.7081796168198	20.566021805516
18.9556791507167	20.2868434862301
19.482752444035	19.707819278881
19.2219350050335	18.0590179001183
19.302201259263	17.5278627108616
18.8165441831986	19.5989801836533
19.3053728728285	15.7167930383255
19.1922799194793	19.1689854273278
19.0783631593882	23.2113700780849
18.5449146833252	18.8340612535984
19.2345416460446	14.4815671117298
19.1023589499647	16.8564731783601
19.4613877387752	17.6848060186993
18.8943023783365	18.1437349644117
19.2362223133473	21.3485680743922
18.9045489736986	16.1673009022045
19.1898150417292	19.6541007024379
18.8647522689417	18.9769728679753
19.2247022624038	16.3585155166518
18.9374437142763	20.2102080154571
19.1582726269296	18.0362331211022
19.3902619342123	17.00773659033
19.3654645319797	16.6740263651201
19.038532416639	19.696234871132
19.4570988224505	19.028332928286
18.7476669419264	18.6133169964273
18.9033913900824	19.8019194193548
19.5653801657877	17.5354620551266
19.6213744019977	16.1398586569374
18.9041505832654	17.4762310300502
19.2465345881136	17.4928038783006
18.7078497317908	21.8954588471211
19.4514832944061	17.282860558063
18.8746017090464	19.714556613927
19.2672743582587	18.9912382558767
19.6524766045387	18.8756254463248
19.3219511470444	18.152042326216
18.7909082365449	23.1533376670633
18.7898896270461	19.1239254230838
19.2143797096581	23.9794203857666
19.3185996776884	19.5696423448769
18.8710094704326	16.9536564432421
19.096494476544	15.5264215843989
19.3398514400329	18.8854817971116
19.35000636975	15.7087022669013
19.6441800361649	16.4087265567929
19.3910802011312	17.7765977608087
15.2149507935502	7.63333688165437
13.0386497413607	7.80243070446516
9.87468872370025	8.0708369084183
13.6248551433076	7.59121317326873
12.1750483409716	7.87475581406938
13.7734619768357	7.63779289350983
13.9094241819089	7.50535031217214
13.5259706208665	7.76605042617309
14.2950372886924	7.20960800955905
12.8780439476834	7.68230371304743
13.9705624194768	7.55827359767165
11.1285919247965	8.1291036573964
11.552033191626	8.00478294840411
11.9314414424823	7.82862465834419
11.5512162480658	8.01293351799578
14.1811046029474	7.57382404370278
10.0377304256137	8.37929435455971
14.7299933262837	7.31022244625085
13.4663530964006	7.38064639265954
10.3417775036859	8.01872450461156
13.78032241452	7.84622281696441
14.1467303957603	7.5398212602195
12.9527023079303	7.73446403522838
13.0192924267589	7.68155628362683
13.0975990056995	7.49634992065871
10.2103771256061	8.01428252541813
13.6503363413836	7.595415627257
14.4227841275751	7.4436588239595
11.8303927017511	7.84690868707761
14.3943893891671	7.50414417549237
13.4137267746986	7.64884836961132
13.8867836986608	7.39286038766557
15.9773567440259	7.1322876109671
12.7159235076875	7.56411724643705
10.7292701175122	7.9106932125739
13.0823365009391	7.9404386639583
11.0275666139195	7.86926764603698
10.8920783421578	7.83757890920668
11.6555246065455	8.00492842802598
11.6642986505581	7.72288101136468
13.814063763093	7.39868062427139
11.8825695279799	7.83083517563135
13.646628462229	7.50130730017688
13.5865736581237	7.4702741998145
13.9138831592203	7.99127113862301
13.3258345974884	7.7421345773547
12.7632052707179	7.75113722733352
15.1017956529698	7.37659893843869
10.8381529638383	7.96267029461219
10.7493052293111	7.97947551163076
12.5927280450752	7.96873483961306
12.1583324213209	8.01684416835768
12.1882712232539	7.87630023309048
12.538306820605	7.96139023104976
12.7713683472511	7.68873413270879
11.9139860243779	7.82402285689461
13.9597573866902	7.51657428426224
12.2958831279214	7.80641236739662
13.1014273210672	7.59065671099194
12.8894587598146	7.58348084909412
12.4047200736411	7.70780654404671
12.6148117556366	7.82811575443652
13.9310359333093	7.39732929367911
10.9712783799009	7.86756284112014
11.6014426588979	7.97629825748877
12.9667967735757	7.84009744081947
12.005216629232	7.74291052838671
12.2431474865841	7.99137133333371
14.0801776586928	7.51023421863147
12.6667920671137	7.5239105487688
16.3958931164939	7.20235958434966
12.8830810684915	7.61510035656995
12.732380725441	7.69995315169747
15.572996471852	7.11244295821511
13.2044625087568	7.73801652173019
12.1293794201453	7.94290077785203
11.8378065523518	7.83399102811949
13.5742214570403	7.68994338228176
12.9877835149248	7.77963199840381
12.326035604934	7.80905490388245
14.2735488536301	7.55305058289856
14.2348447600254	7.47158696224311
13.1701455981507	7.66983622793394
12.7746698523926	7.6022805103946
10.606086293051	8.02916951467552
11.0342936949077	7.88670231437821
15.6154157086569	7.33602571840787
10.9740456990954	7.91923285395942
15.0789796936286	7.43500008972853
16.4335374050625	7.24445329138148
11.450584143792	7.728369455659
13.4267185000158	7.88127678588372
12.5560233278341	7.9273444980884
11.941996916174	7.66618135010739
14.9700819416997	7.45277542550782
12.7726700007379	7.78036799897337
12.6025729787081	7.63438874035828
13.1516897404087	7.78906936342881
12.6467770217307	7.5805095661533
11.0337884045266	8.0282151207451
14.2483218275563	7.49784772430292
12.499242986105	7.89889984572189
13.7945007366227	7.40487074058852
14.6513707957826	7.33948546454875
12.7281358117672	7.56764904652326
13.3428394289755	7.53950181335255
11.2042399373381	7.93698357019645
12.6888836857305	7.75379618012538
15.8884989941344	7.31247137388405
13.3444215379195	7.85815266178614
13.3444001680566	7.69473006338773
11.8382831635742	7.81190676132404
12.8758738168722	7.72967389198093
14.4097242405386	7.72720170195606
11.4503559611211	7.7105262668782
13.8858011616923	7.34232250814587
14.4511256944678	7.58019055439959
12.0786931661882	7.77247334351824
11.84927022555	7.7776429245152
12.1775153992427	7.70769242898897
12.4815781106414	7.63892360897439
13.4759934459985	7.4768088247067
13.1269772321674	7.9152393064866
13.7310541948796	7.67153443903262
13.9203164046052	7.46502580386588
10.6009894722747	8.2569435988361
10.197125070581	8.07106935103231
10.6319035329999	8.06115212959929
12.1360518053479	8.09310517599889
11.0789115057749	7.88889770415956
12.1552879346212	7.81581117059821
12.7153388536756	7.53811283473413
13.6630110623442	7.58819198324344
10.15196171809	7.88928636639767
11.8399620476711	7.69424484898051
13.2873763794256	7.72884476701721
11.8370989874794	7.55902084095303
14.932720109629	7.25864179202337
15.6200545554077	7.21604154411857
12.2981964644424	7.6123801630222
12.0002590797175	7.90523868259672
11.9197134752338	7.86949983175434
13.3462551817716	7.86560111267922
3.71613315027254	14.137396816105
4.04586374920382	14.207084899723
1.23143687523866	18.3081411780044
10.2610949847423	9.11007905182593
5.00327641657996	16.6160313147403
5.10407859860882	15.3560997197755
9.04407249451938	10.2345349872602
0.968685162753503	19.337456259624
1.50560873925396	16.7266281278449
4.20359384916483	13.753950566537
4.03915333958505	15.4514846310456
2.83107337964684	16.240784319864
4.86423817141402	16.5815916758055
3.34450262052805	13.4843703336513
9.69627990586032	7.8654548964978
-1.04372809793393	19.8283465701303
3.48974779794853	15.6388633257899
-1.73533896154132	20.6388809977129
0.34371123513819	22.1459026146051
2.91804789804664	15.3537552325178
0.111799527294495	17.5309590099826
3.88861547638288	18.0195098352707
7.80259838920978	11.6124643265203
2.8900736418276	16.9028463678943
7.13126980688773	11.3120960178026
5.16296377525701	15.0890091697612
-0.00761781776303838	18.9896068435033
0.0704968483116368	18.7634709059296
2.93644509238677	19.4817876506561
6.38324199605583	14.3614096050863
1.50574722338535	16.7859094721067
1.16062670469343	15.9883286491143
2.06780568788235	19.0869801754464
3.49932184503849	15.1640593698295
6.19697643687107	13.1926215592628
2.30473801996509	15.9007180512561
6.08334765082668	15.100341253068
4.99897915416896	14.7844790742921
7.36439082156223	11.4633053298115
2.31771507285139	15.8846529745229
6.2075171263401	15.1129112927623
0.884988848622338	19.1544646466802
3.07008200018	16.5907009505634
1.15269349939918	20.2884625303215
1.84289271078591	17.8298157610154
4.29610163973471	13.3670189582604
8.6669859785866	12.6068627434506
7.00046077543324	12.3928582790132
3.13073816230338	16.6721432184477
2.73228547311761	18.8778391911115
2.86394292283278	18.4084808448253
5.7871632141251	15.0707698210476
3.90119546195108	14.292190611242
9.23738948169008	7.7793121766842
2.15563574991519	17.7277372585331
0.917702423833803	20.2865087724771
-0.830214682542554	19.1255384011035
6.02506712663217	14.2583217400427
2.18673942065955	18.5051089461474
7.58575544724333	10.3766674886845
8.32573978290896	12.8429381993815
9.42842675288733	11.2686641415805
6.96573200865414	12.3454630058478
3.89053717189689	15.9004827127894
6.21859260749824	14.6707824452587
1.3952975356247	17.701641953424
2.20286348623632	12.9499899705279
3.82320933187329	17.5317134315117
5.72315882823991	11.7804640746083
5.20876931022691	14.1175354955235
5.78865692638674	14.0093452658181
2.8981727126261	16.5311584189633
5.67898451300906	16.8370255424406
3.10226369403211	16.9041983035808
13.7566394314011	4.67289441484585
4.67693774818196	15.6734466321386
1.9824723255649	18.54635487512
0.660870989104878	19.1959113424193
4.9583086458402	10.3742819584162
2.46475794411162	16.5036861711416
1.87272259498678	18.1281972952547
6.68292424507232	11.6724089821863
4.92356021759761	12.2422512560381
-2.89221828050415	23.0618083233531
0.769934418496439	20.0609282479747
2.22951543935947	18.1807151086049
9.44230770208394	8.32176129619222
4.7480986684798	18.0820268439438
8.80068267463947	12.27515115787
2.66353822574822	15.7702697524092
-0.648256223000346	17.8552885138788
2.96211485750976	16.1229974458588
3.28263283931363	15.6387391943789
4.07821892491973	16.6528060630115
3.68559475953904	18.7604653448288
1.415316420204	14.3824782815996
2.32218073873015	16.1069417936242
2.88940445237067	16.8181310301521
5.46016445967032	14.2079229417609
4.26546737524936	15.2995646481944
2.54576278996641	19.5399849958599
5.5203977679227	14.2493358642561
5.43459202380219	10.7984560209901
0.999792178941576	19.9719388112729
4.76710129828209	10.6738195543935
0.648451515655275	19.1371126649423
1.82002814712345	16.565995689955
5.90060091134247	13.1924939219143
9.67155860623723	10.9434967319005
2.34487517966592	16.6130610523237
1.70835049383285	18.0791440984729
3.80394759012863	17.3670814927012
0.62389348952438	20.489090911951
11.1306451114808	5.77720655359852
5.97824110126163	12.0456874818875
0.208539381887155	19.5389083481617
5.39124049569397	15.3797806338808
6.244138568442	15.9783922332996
0.0589410240379529	20.6396576125902
9.49796291128978	8.12396134488858
-0.377292214704627	18.4629356981286
5.91410344034558	14.3471948102693
3.32017046227795	14.709650162326
1.83874046935647	14.2991326853316
3.69564889101454	14.6666645652467
1.97990529695937	20.7157047787516
4.72968602522273	12.8058235292635
8.039311479752	10.8197183751345
2.00469315122049	16.6302072922128
1.78748637500398	19.6644485661477
5.10762738638982	15.4055810789046
0.805758133776909	19.6748004492059
8.29914328857071	10.1642523368088
0.591131635008953	18.3937187020057
5.8523502302243	15.6279766791954
1.01427387940061	19.40022256782
3.80269546576121	16.5771635033603
-0.37393510897389	19.2394087950863
3.63482506321816	16.2984456611241
5.40743433952732	12.7526074132176
3.50565042036981	16.6347075301166
2.86724621257706	15.8234221360693
2.13522525330317	14.5723052254659
13.0230992919867	3.71689592630442
15.9298210574237	6.75463312050554
16.0508194128397	6.32940009908511
15.8901673706374	7.5401927632128
15.4123588054779	6.38639607945541
16.1762412867926	9.18383732788105
14.7317854149537	4.76972483863939
17.0068593608595	3.36031927227238
18.0239074904833	5.61588997258322
17.0794839040366	6.07117469457673
14.8536231972504	7.46324503605794
18.2892085515833	8.82590459216535
17.0148891375229	7.27957283527836
15.9000632411896	4.49366115639919
16.9826100048945	5.49582822370726
17.3199633140954	4.89452764648711
16.8546741424534	10.5192820455251
16.4135242089827	4.49082627710909
14.3361939146013	5.00939191908618
16.192336650502	4.62490146445625
17.123534611977	8.23840262103078
17.1538098767878	6.4110238361258
16.0767057651806	6.64967734634128
16.7279341071015	6.04149986884302
16.3444629314861	6.98264838262714
16.3129381562551	8.02699875629801
17.9891958303852	5.35356995332838
19.0105144082982	9.72629190831783
15.2386565441333	4.4667538608191
16.4055901194457	9.32805069920841
15.8625260817342	8.82961137174111
17.2543308686469	4.63703965602404
16.1200615175288	7.22340722418364
17.1222733642978	6.53421550459478
15.9594250942136	2.73613447590086
15.3732960986201	5.27969451443083
16.5945746756896	9.37030728735007
17.9084273971725	5.84840521883598
16.9548445250721	9.11270601011729
17.3072396379327	3.92588915931536
16.0079944820991	6.00598124372997
15.2313106392117	8.61003719796156
16.1308895374762	8.24087249898807
17.4710782286685	8.89378066398445
17.0080432965556	7.79798328058714
18.955305543626	6.80961527108947
15.4707593068054	8.18978655505511
15.8035514096816	6.5235483723424
13.5952502493969	3.70435435130893
15.7728789657994	6.04398836353964
15.985027250372	5.28675184591003
16.6939636247533	6.34123997456471
15.1359888010445	7.63738321382975
14.1422429485045	6.25658966008853
18.0535507021906	5.48795238911106
15.3886368466664	7.50353144700751
17.1036875014283	10.0996940355567
16.5593477078857	3.20606211187885
16.750506899743	6.50194296785611
18.6158542282461	7.0031929251082
17.0720343607987	8.89846337934746
15.8323081129416	4.85535460372458
15.4363610662479	8.01672350156828
18.0412126104834	6.18153191223502
17.9136803825395	8.07011327494152
15.4262546161488	7.00288894595812
18.0695313681195	7.4987880817382
16.1920334424366	6.49786018914973
15.6732169114603	4.51083402826466
13.6120394491453	6.92004097070218
16.7057845021315	3.88395372709451
17.1845558265972	6.55871946910527
17.2026690045839	6.00906624897486
17.1182960314828	8.61527434416481
17.6712336091515	8.16170697766116
16.7129834204188	7.00444144122614
16.5991147625807	5.91040615315415
15.6997825158684	5.60117697598311
15.0744780231382	2.45043457987642
15.8749536142142	4.58270469733772
16.4462787972506	5.54390889922009
17.9219186390367	4.61343983708145
16.4155214516961	5.04114039609283
15.1805701298037	3.77730153111912
16.0587070387727	8.01466772756616
15.6357918155003	4.4977298665753
16.8604989076792	8.89333923233423
16.3135477108244	8.2432764876928
16.4329624740882	7.78743682080211
17.2312586815752	7.7753367823725
14.8120868466696	7.55275319408089
14.9630021800783	9.74671826930697
16.7801169965176	8.15073227022164
13.9862034448092	2.36071807600378
18.5562681000806	5.11173758882807
15.0150565839307	7.80914642625992
14.0077751152164	7.48092651400797
16.249265440803	8.15133733573255
15.0664280632352	8.24962963076493
17.8403255809607	7.61206144335831
14.0867602215904	6.66087459109756
16.7670937472201	7.97568249510522
16.7139078709298	4.85147400386197
17.4609592683171	5.8278728214994
16.3429450943509	4.04164578237369
14.0412913589347	5.32759240813685
15.9636862140352	7.32634885523285
17.2281423818456	5.00216150070879
16.0161263168842	5.56063321854451
17.0917110331473	7.97559413820204
17.4386478125231	5.05822203510046
16.7047969848513	9.76099408823386
16.5203211490779	5.55725218506045
15.8641808592515	5.80823703339871
17.7790731968696	9.18995964599254
17.1368232965744	4.89698446005578
15.9981359579064	7.70543201419574
18.6192863631114	8.75831946015323
15.9972108338575	4.92177550167379
16.4876890586433	8.05071109928573
16.1333719226288	5.41584213923034
15.9990409388217	7.34289098235069
16.3398962316882	8.14864934224319
14.7661657509747	6.13215967374436
18.4498599706486	7.52667893262347
15.1622919234099	4.89068444115495
16.0985133561839	4.99223303200659
16.0467964189459	7.53115485556109
16.2181241776373	9.61917909387885
15.2939772629442	6.0467719744155
16.5264003388675	5.73587692946298
16.0755158349933	5.86145788226067
17.003221288657	6.38000313525695
14.6170452290911	6.87656798235502
15.7352223563437	6.61757935736467
17.1507759210416	5.43903452230059
14.2809928012611	2.56406604679317
16.3568328316513	7.690112787664
16.0477519373121	7.78644863518565
15.9819428128224	4.24914873678784
17.3086643577415	7.97625933463101
16.7523173186134	5.56817011025855
15.8579872986638	6.39831947217023
4.4759189214816	12.7421014319518
4.39093057516474	11.6927607108858
4.86996749723971	13.0034630048813
4.12073763485865	11.3336910557038
0.912035236047282	7.98802809419875
5.89183915034262	14.4360241205709
1.25446164010389	9.28935381393042
7.23848472048993	16.1115510540821
2.62517718542632	10.2130257089117
0.760376306858872	7.38834381328271
4.90580101989746	13.21818573409
5.70897110721903	14.5106658929048
1.06506849686991	7.78765996135483
2.23054383356294	8.9031729543381
3.68339939054202	11.1003314479329
4.28962540261042	11.7293199095832
0.684170615187642	6.93275466378877
5.53188903463757	13.8008268084881
3.80158089242837	11.7663006025674
1.938649826049	8.78830607724227
3.61887508197394	11.5379202114097
5.56150968519452	13.6816641061658
4.4872532887389	11.7494277450815
3.63642966551429	10.1179313729392
2.92521023187599	11.1958357069105
0.804456882813188	6.92769401814741
2.76333813082398	10.786047837379
3.48358761096411	10.222494040226
1.40598000871705	7.89946479798562
2.36924385653413	7.75020510789452
4.81493703656768	12.4862134936677
3.16270521480216	10.0906043203578
2.86222671132035	10.6737237377519
3.59114340224537	9.97837448993105
5.87344104207538	14.231465759615
3.04643381992986	11.1605412908811
2.93276950335214	10.588532746073
-0.287504357074797	5.09674340421252
3.58295570409644	10.7343656797103
0.38435980690849	7.18472854079977
4.3690987987709	12.9057247093353
4.94280318513999	14.1873337446684
2.96069961786438	9.84474023671846
2.43838902065962	9.82345865391946
0.875163958229634	7.52190218053621
4.80251966591678	12.0780903462278
4.67085151678429	13.3367031084773
1.83159444084621	8.35418913904055
2.78447119172317	10.4195171838627
1.83485797587235	8.25366698520076
2.22191835817959	8.52515676121096
1.62313472807915	8.73747732511861
2.84629662353793	9.88368882720401
3.34411387857825	11.282882740595
2.19315552921842	7.90755793043017
2.88077120570482	9.50298241185606
3.67791477727503	11.1638698387763
1.18807695914343	7.91649209696736
4.91139113990139	13.2108489640049
4.05553490491117	11.2292259161467
4.52715418949241	13.5817324219542
2.8947732355367	10.0271704980043
2.03109384078287	9.08214643692401
3.42732913329273	10.6335137600193
3.87617161488428	11.5961765912198
4.87388116917013	11.6544037844294
3.2802425001021	9.87579501835266
2.90201850452703	9.51310010224472
3.37683243090717	11.229969978946
0.710313578125909	6.62404575976463
3.41725205866547	11.682840494315
3.00572029619483	9.96416497385561
2.58019056878744	10.7137318602968
5.81187627384738	13.2953397371367
2.41435803628955	9.52368743760667
3.75377810393013	11.7960124080427
6.56815351813617	14.7551256535128
5.68707382871666	13.7043950267455
2.92126204625447	10.7492707803255
6.09962997570056	13.5924772921601
3.87090012399915	11.1486005336077
1.35774195392042	7.59041751243269
1.72621352999627	8.69629936838535
1.74845010110163	8.97448787249357
4.1667857012447	11.8231108621051
2.23746882701021	9.1664101202396
0.045410987771513	6.88322881671739
2.57477810868881	10.1160342956742
1.4913483915432	8.51826298858867
1.68472251466109	8.36114467992845
1.71695910326204	8.49661657411337
5.53190744371208	13.8412015658361
1.82053897630902	8.21957565875189
3.80289541139751	11.9225444542588
2.11020809818967	9.33916897780161
3.17121171086599	9.26114970630259
3.18550513939387	10.6211252059172
2.78991487407997	9.42903623727685
1.87173576586574	8.96281920860585
5.35929771366925	13.1104818234939
4.99794057755705	12.0717614735098
3.18629543289258	9.22691664978631
4.16108500286823	11.6763691021394
4.63535485496826	13.5445931921046
4.26609288357556	11.8783125262534
1.9120501433607	7.63690231083575
1.12038581539975	7.86617518698419
4.09604475662285	11.7915406509739
1.40154042647069	7.90828231128671
1.56831536770815	6.74738532416321
4.27071114662793	11.6385889791467
3.58530301064571	11.6235310225128
2.38709955916812	9.90854257992816
2.02327809037058	8.56769883584904
0.384718448811211	7.36106961869412
2.00442304324204	9.22349394231927
1.47349429326519	6.35147402190916
2.97677293754398	11.040402067948
2.74555680368403	9.39082103936438
4.29766733847345	11.5021076914847
5.26890046727945	12.9196688453026
4.22649806132929	11.7131383445107
1.43315422952933	7.97515545525796
3.41215310126027	12.6235533621833
4.52996313669517	11.93622519663
3.81528544554474	11.8279052187921
4.2622358966961	11.7899994624078
2.87266769566729	10.3538119834907
6.71898237972424	16.2710311926256
3.53154136006418	10.4881423468877
2.86862000609953	11.3867864332828
3.07288599023423	11.4493712875718
1.42151381647905	7.91041686578323
2.35958228590286	8.64256039392407
1.84638353203318	8.45930786044628
1.18585072481928	7.7566645709039
3.80161831949153	8.89916305928396
3.60370885540599	11.9427320235362
4.89251954710356	13.7278271957087
1.36963238439286	8.57676311281294
1.53338376366697	8.57052833229483
1.54493165470089	9.71098035299634
2.9471267353728	9.64688297335268
6.97702737107264	19.0607002885093
1.99932023082746	19.4181571056474
4.8213815478698	17.1723927772295
2.88537400125408	20.5768054808717
3.33956147736164	17.9513874648056
-1.59104169866138	23.7413721623122
1.85321654848294	19.2009398288251
2.52753467659384	17.6507164732862
0.775801725781299	16.2081853019259
6.17626825086201	18.507649166054
1.38162376253846	18.2386704569191
4.03875932003917	14.2295695111496
0.0754537918891511	21.7895519116843
3.35313743234897	23.1276463843145
2.56836150055834	16.3950500614901
1.72751742359447	18.5029290024961
3.68498816042315	19.2354596326161
5.22391332350633	12.2838438489858
2.27015761669058	19.7591780519947
-1.7557215950203	22.7883608392261
6.36086918574587	23.3960379101147
1.18725322016599	22.9446250148858
6.27748690256973	17.286086336063
3.91868933298458	20.3543360012278
4.10150988385444	21.7891719549414
3.57515878434101	19.3698515944561
4.26212443599259	19.5785721866138
6.61965283978736	15.8850600104171
8.10738123115804	14.2016729735038
6.49271159525	12.787310138408
6.5771441078983	17.6490707147051
4.13167030577649	21.5418674136397
2.99471561113524	17.576895341622
3.49032508590646	20.9348113705559
8.0984240478804	22.3941826554345
2.48404360479832	21.2817162543447
4.83296931515572	23.2445386860657
2.82047124028114	18.7819066261876
5.79538513509614	16.5623115385667
1.36851870217414	18.7766771917935
2.52004335125326	14.8321973558383
-1.52948150622957	20.4881056956334
3.1734649087654	13.3362073827376
11.4913472268255	17.9391784685669
-0.540225192476665	23.9653269287613
4.77230686162625	25.8895554165003
2.41340123057341	18.4069746568439
3.46365277083583	22.1498763506601
4.90927596987592	17.418662148983
3.47762615501546	17.6009398695419
5.49697923496831	20.2783739343622
3.49064523257428	23.3603670809032
3.60062438799597	17.0900263580431
3.60602566981948	16.9116073902462
6.8502990315149	21.1281460121335
0.0223499008234325	21.2826373658675
8.79508025616367	19.5950872025139
5.54921323038454	17.3668863559572
4.98432057341004	17.0264383629146
9.0383647717752	22.2004936073109
2.01645281460506	17.00443970943
0.671419389776847	23.3809253870806
3.76323546145824	16.2558187918964
4.3484921719612	13.3824333361122
3.46543562276297	18.9243878968141
5.16993101379178	19.6272950995129
6.81218138414354	19.8068432226467
7.83612852308163	20.6369796627108
0.553485543531888	23.2574650927016
3.62891117471211	18.8790737930778
3.56167168705582	19.6790205264673
3.04654281088534	28.1495491043043
3.73122811791564	21.0765050480807
1.69267522450746	20.290408824225
2.34415983197681	20.9922392838047
3.02062586935283	22.0369470532477
7.0768687828192	19.3927794846597
3.45070546774893	17.3980406435728
0.772861164676116	22.9249559619426
6.61477380361736	15.883231637365
6.57628955689019	17.8150070594145
5.26354532228713	20.3572644434516
3.74824107524181	20.7276302335456
4.99043520613838	19.1385385734047
7.28532520917658	17.7504595693522
5.90098641366719	16.8841103384789
0.177309467058368	18.500628634685
2.58038634676059	16.6959683807253
2.47595812979697	16.3930742106169
7.04460305761317	21.8035697196063
3.65392019337201	20.8387732547563
7.12893991992092	19.3012376230592
10.5924183619208	19.2073132023849
0.960362768624636	18.8565998717246
1.38029241049321	21.9564703041161
7.86526146145917	19.7990559797017
6.26445182906671	8.85149380045171
3.61452601704829	13.6423758972018
3.44677784850071	18.581077325853
-3.89431437219787	22.7383541757722
5.26155576659976	19.8530240652351
4.87711192837398	16.6462757769292
2.19306029985562	22.2971140935461
0.0627929384213601	16.9172771098652
2.58324959683869	21.7642674849324
4.46263643305921	17.3971755442918
7.3447949135313	18.4105667193489
4.10235453110796	14.6787729676122
3.89074445157341	18.4380295509387
7.072713668526	18.6960252283993
4.56497107148971	19.1688279701371
4.50151228352311	22.5640392574839
5.55664628055116	19.4993164849494
1.20115492683923	20.2671283860514
4.44467861901869	17.4928995491708
4.07490557495845	20.5609568084874
1.91474542407191	18.1368342493747
3.7853279104238	17.1289635405724
5.91908112345133	17.3201089805117
3.67081523873601	20.9984600378286
2.00178907523016	14.7967025758289
9.95102424401919	23.1463937759712
4.62703510143612	20.9557944083166
5.10117778613153	16.774823715279
3.00403016119749	19.2089480308885
3.92075308201293	19.654339999939
1.51672818337114	15.8639259663688
4.7897123556103	20.9185648522294
6.19376152184894	19.8200972923201
4.43332513545208	20.9038235352928
7.36316421858694	16.0696084423331
6.3818212019718	17.2648532224425
2.60576241703128	15.1785850641142
2.65693673723215	21.1882281819254
2.99267062523196	17.4517268533282
6.15392704600554	19.096648580256
6.34293015772814	15.6250875554947
5.77405447498345	21.2046278106844
2.10225408876468	21.1687187052554
3.99865472104654	17.3900556319515
1.19431573357341	19.4629789343568
2.94040911520676	25.2437975606647
1.70542096774066	29.0025036861601
2.99804257523737	14.7373209912445
4.07212908947861	11.4326572736114
4.87505860383761	13.7030342750745
4.47050712866221	11.0682951335734
4.32842001726831	14.5459289093611
1.32405238478828	14.1611648296081
3.61012753298853	14.9637138091982
6.80314612354826	11.2576830296655
3.06882802909482	15.4007369264818
2.24921966638962	13.7818801122968
3.11374627154448	14.934067062516
3.32493813434754	12.8774614130621
2.68210314637974	16.3221821994829
5.04381880608651	12.9963882680445
1.65449147977017	13.9122935813565
6.11562716396121	11.2726480617975
1.15374856204491	15.6041420051626
3.36359541654664	11.9937442717313
2.33285085658832	12.7941970621619
1.85457863816815	12.0935288644524
0.988375020834991	15.1752610327976
5.16175255382438	11.9796111552159
3.03712083148634	13.8602623913763
3.14159803153847	12.7775480018653
2.03240219948629	13.1812515188175
2.31462437582537	13.3683693718956
3.0965830627997	13.2825256408976
4.22796576369057	12.9633015512892
5.76061073501219	12.0986023138557
3.47357596337362	13.197697520102
5.57292085049943	11.4924689338683
3.90644117290354	12.1703819579438
0.590549695628428	16.2915824771471
1.07057635238779	17.2211185430193
3.29385894541408	12.8647982514463
5.03516266675859	14.4285958218347
2.59229145758124	14.0349368055272
1.85825943211595	14.2070169687337
2.06444235579911	15.1475459924943
4.31709620227086	13.7646804135576
5.17088411530458	12.301553948786
3.81853628741635	13.5826673744106
3.54688351630364	13.8017171303376
2.5583028868116	15.6079898206249
4.46075237232942	15.8125848202714
3.85768097193707	14.318441465197
5.65408749031454	12.3467370927932
5.52867359815459	14.6237983694148
2.89940336637449	13.8547614962427
1.66408331103966	13.7223776997325
3.49821010791338	13.5598413327325
4.65324159100273	11.453834015497
3.23174581974916	13.609702725138
5.09444360059992	12.8272464376434
2.89512304047721	11.9413097150188
5.48929641710065	12.9904780806252
7.50052120180943	10.9515503306633
5.24456836167166	13.0919200671461
2.67434244519133	14.6912123964415
5.16953944031823	14.4294127358443
3.48557972297735	13.411300876189
3.58866621219624	14.4729778555234
4.20379091038216	14.3255612763791
1.54118306600413	12.8861683089452
5.67271470149563	10.8711474322033
5.66507132618813	9.70300899428253
4.45698399962789	12.3007964111393
2.88835135031614	13.733682360041
3.24740677080734	12.0203479401275
-1.12669599794581	17.1206756190819
0.697070203090732	15.1444000434233
5.00520394501103	13.8594031882841
5.70958232886514	13.3429130428166
2.58668158661329	13.1390598464594
2.24238736668557	15.2759095021592
4.56407828607082	13.0970729122002
2.11609022458137	13.4810964079661
1.67147017942766	14.8818484044424
3.4808888196621	12.8582945631129
0.38489810705911	14.0283015044543
0.491327830354486	12.9360786754462
5.61396440292882	11.9723868446941
9.80647395720576	9.41764507981721
2.65374354233462	15.2294887083163
2.44005972887703	13.3329638796737
3.66906360302199	11.5582562746726
3.43145263143595	12.4930082561872
1.98787470984575	14.8946165305733
4.56253416393596	11.8495637343659
4.38394067378744	10.8420408114244
4.1473989439094	13.1510185869858
4.52610554545248	12.0387242161107
6.50365398154417	11.0922634092857
2.68964812976513	14.3877741042833
6.69578325384445	10.9920438632153
-0.238881526559164	13.9688061715711
0.610347447495946	16.2378301665368
-0.357933629149326	17.3223297759803
1.35203823845343	12.6634086964742
5.02931268458273	11.9236628653364
3.29855413468207	11.7251869036876
5.59133877289991	14.315299515414
1.86524995481534	13.6265544688373
3.53071583016616	12.7982408582169
5.21819414083892	14.4977205787266
1.81336537908266	12.1411053287391
4.60271010655821	13.1166551952527
6.15875830130376	10.8896690584133
2.82684898537488	16.018182435229
2.36886006167687	13.9558630792652
2.79055721594327	13.2739266069316
3.96365725940072	13.774909936619
4.60013990966896	13.1310274750498
6.32881894643381	13.3435960286997
1.54267982756024	13.1841407103858
5.58873858757038	10.5186320399051
2.53828316732307	13.3563367136971
6.07516061600818	11.9793263628826
2.37273411670383	15.2940073873331
2.50882715700704	14.1308519160976
1.40334396414665	14.519606355843
3.7435689543135	13.9038238191239
2.36473803722609	14.4228875430757
4.48384314679405	11.5153545078869
1.89452133089838	12.8313734972414
6.00662122989321	10.7493590246646
5.1319862327434	10.9381238553584
4.19684751123177	14.1807207173342
3.19597756542692	13.3304411542324
5.9670239737624	12.1619012306691
2.2859147797357	15.8975910328906
3.72587382148459	11.7327949921909
1.69161355740472	15.3603599449238
2.0775218258989	15.5154634224221
2.7931302326854	14.6783901926068
2.07806683203929	13.5768155036409
1.02131702549057	14.0110394829946
3.36033514359687	14.205020181405
2.44541976084353	12.7261412422364
1.68250087608097	15.5732024223111
4.83584996543519	13.4912727004579
2.36286437574206	12.7414623395443
3.16342761271348	14.123545380773
